# Index          LocalEnergy            Variance              Weight        NumOfWalkers      AvgSentWalkers         TrialEnergy             DiffEff      LivingFraction
         0   -3.6428886521e+02    1.2629445998e+01    1.9991495632e+05    1.9968000000e+05    0.0000000000e+00   -3.6413068345e+02    9.8488719420e-01    9.7656750801e-01
         1   -3.6438490180e+02    1.2696936190e+01    2.3128670765e+05    1.9968000000e+05    0.0000000000e+00   -3.5693642411e+02    9.8485442006e-01    9.9466145833e-01
         2   -3.6446039672e+02    1.2723636539e+01    2.3077387684e+05    2.3128300000e+05    1.7250000000e+00   -3.6453182778e+02    9.8489400160e-01    9.7525542301e-01
         3   -3.6451127451e+02    1.2702392080e+01    2.3028931455e+05    2.3083600000e+05    1.0916666667e+00   -3.6460538814e+02    9.8487656455e-01    9.7550642014e-01
         4   -3.6454628342e+02    1.2636962627e+01    2.2991788392e+05    2.3048900000e+05    1.0301282051e+00   -3.6465476156e+02    9.8485184407e-01    9.7532637132e-01
         5   -3.6458136920e+02    1.2706169101e+01    2.2937689535e+05    2.2995000000e+05    1.0307692308e+00   -3.6468742923e+02    9.8487407176e-01    9.7481191563e-01
         6   -3.6462708535e+02    1.2816271211e+01    2.2889518836e+05    2.2942100000e+05    1.0653846154e+00   -3.6472021185e+02    9.8487142953e-01    9.7507638795e-01
         7   -3.6466219759e+02    1.2829913418e+01    2.2826625735e+05    2.2881100000e+05    1.0538461538e+00   -3.6476326560e+02    9.8486542791e-01    9.7495312725e-01
         8   -3.6468567373e+02    1.2675988857e+01    2.2776032234e+05    2.2830700000e+05    1.0807692308e+00   -3.6479617272e+02    9.8480427485e-01    9.7476205285e-01
         9   -3.6471597799e+02    1.2793420583e+01    2.2717750649e+05    2.2770100000e+05    1.0282051282e+00   -3.6481699101e+02    9.8485083763e-01    9.7535803532e-01
        10   -3.6473562416e+02    1.2697699084e+01    2.2675394791e+05    2.2728600000e+05    1.0647435897e+00   -3.6484547104e+02    9.8483990950e-01    9.7486426793e-01
        11   -3.6476386365e+02    1.2657797744e+01    2.2607922481e+05    2.2658300000e+05    1.0608974359e+00   -3.6486201940e+02    9.8483229236e-01    9.7509963236e-01
        12   -3.6478290091e+02    1.2690636000e+01    2.2558485920e+05    2.2610000000e+05    1.0615384615e+00   -3.6488812494e+02    9.8484805929e-01    9.7570101725e-01
        13   -3.6479373616e+02    1.2850571612e+01    2.2521379975e+05    2.2574200000e+05    1.0532051282e+00   -3.6490557758e+02    9.8489418964e-01    9.7451958430e-01
        14   -3.6481948101e+02    1.2801927713e+01    2.2469352440e+05    2.2516800000e+05    1.0307692308e+00   -3.6491386686e+02    9.8484241608e-01    9.7428586655e-01
        15   -3.6483518939e+02    1.2752464798e+01    2.2404780697e+05    2.2452400000e+05    1.0628205128e+00   -3.6493674753e+02    9.8482927982e-01    9.7459959737e-01
        16   -3.6485173984e+02    1.2741351766e+01    2.2348448238e+05    2.2394600000e+05    1.0647435897e+00   -3.6494987825e+02    9.8483982680e-01    9.7515919016e-01
        17   -3.6486418628e+02    1.2602001528e+01    2.2307754242e+05    2.2355100000e+05    1.0532051282e+00   -3.6496466333e+02    9.8485604305e-01    9.7470375887e-01
        18   -3.6487823979e+02    1.2639041367e+01    2.2254769759e+05    2.2299700000e+05    1.0679487179e+00   -3.6497462851e+02    9.8486278415e-01    9.7467678937e-01
        19   -3.6488723674e+02    1.2657167023e+01    2.2202529522e+05    2.2247500000e+05    1.0410256410e+00   -3.6498633844e+02    9.8480483196e-01    9.7477019890e-01
        20   -3.6490627463e+02    1.2865444199e+01    2.2152217507e+05    2.2194300000e+05    1.0967948718e+00   -3.6499294124e+02    9.8482551272e-01    9.7491247753e-01
        21   -3.6490306758e+02    1.2609526472e+01    2.2106192818e+05    2.2151700000e+05    1.0423076923e+00   -3.6501005788e+02    9.8478185684e-01    9.7501320440e-01
        22   -3.6491982884e+02    1.2810629386e+01    2.2061368158e+05    2.2101800000e+05    1.0512820513e+00   -3.6500459564e+02    9.8480123215e-01    9.7540924269e-01
        23   -3.6493684467e+02    1.2711313550e+01    2.2017481047e+05    2.2058100000e+05    1.0455128205e+00   -3.6501937773e+02    9.8480564127e-01    9.7541492694e-01
        24   -3.6493961137e+02    1.2739116784e+01    2.1999498718e+05    2.2041600000e+05    1.0064102564e+00   -3.6503564525e+02    9.8481749371e-01    9.7492468786e-01
        25   -3.6494091112e+02    1.2680993288e+01    2.1947463754e+05    2.1988800000e+05    9.8333333333e-01   -3.6503601361e+02    9.8481842022e-01    9.7441879502e-01
        26   -3.6494757364e+02    1.2676846110e+01    2.1876241465e+05    2.1914900000e+05    1.0185897436e+00   -3.6503394690e+02    9.8476349344e-01    9.7497592962e-01
        27   -3.6495577556e+02    1.2734676470e+01    2.1834436653e+05    2.1871600000e+05    1.0551282051e+00   -3.6503863163e+02    9.8488611223e-01    9.7498582637e-01
        28   -3.6497074562e+02    1.2749004663e+01    2.1790251411e+05    2.1825600000e+05    1.0551282051e+00   -3.6504472816e+02    9.8483192523e-01    9.7519426728e-01
        29   -3.6498614095e+02    1.2720278913e+01    2.1763780934e+05    2.1797800000e+05    1.0493589744e+00   -3.6505842368e+02    9.8484238185e-01    9.7545165108e-01
        30   -3.6497905949e+02    1.2632799239e+01    2.1722256459e+05    2.1761100000e+05    1.0307692308e+00   -3.6507213393e+02    9.8485694084e-01    9.7548837145e-01
        31   -3.6498426101e+02    1.2710227503e+01    2.1683103472e+05    2.1718500000e+05    1.0435897436e+00   -3.6506309293e+02    9.8483936467e-01    9.7481409858e-01
        32   -3.6499136712e+02    1.2742255538e+01    2.1642685849e+05    2.1675700000e+05    9.9423076923e-01   -3.6506632184e+02    9.8480522074e-01    9.7526723474e-01
        33   -3.6500237207e+02    1.2702281550e+01    2.1618105157e+05    2.1649700000e+05    9.9487179487e-01   -3.6507222773e+02    9.8483235283e-01    9.7548233925e-01
        34   -3.6500447538e+02    1.2651928667e+01    2.1579645323e+05    2.1613200000e+05    1.0083333333e+00   -3.6508154532e+02    9.8486068010e-01    9.7544556105e-01
        35   -3.6500050758e+02    1.2797731596e+01    2.1544076999e+05    2.1578600000e+05    1.0262820513e+00   -3.6508204647e+02    9.8481613738e-01    9.7533204193e-01
        36   -3.6502265419e+02    1.2793004564e+01    2.1514533846e+05    2.1542700000e+05    1.0243589744e+00   -3.6507641360e+02    9.8484087649e-01    9.7513774968e-01
        37   -3.6502593714e+02    1.2733879012e+01    2.1478728421e+05    2.1509400000e+05    1.0320512821e+00   -3.6509701325e+02    9.8483369293e-01    9.7556417194e-01
        38   -3.6501946556e+02    1.2797914555e+01    2.1443273298e+05    2.1476500000e+05    1.0025641026e+00   -3.6509876546e+02    9.8480796655e-01    9.7539170721e-01
        39   -3.6501465858e+02    1.2673792724e+01    2.1417667553e+05    2.1448500000e+05    1.0557692308e+00   -3.6509098928e+02    9.8480903835e-01    9.7507051775e-01
        40   -3.6502718785e+02    1.2634760159e+01    2.1377298709e+05    2.1404100000e+05    1.0108974359e+00   -3.6508411008e+02    9.8479957945e-01    9.7566821310e-01
        41   -3.6502324734e+02    1.2735186432e+01    2.1339495634e+05    2.1369700000e+05    9.9230769231e-01   -3.6509503088e+02    9.8480082887e-01    9.7543250490e-01
        42   -3.6503816025e+02    1.2662117487e+01    2.1310847968e+05    2.1335300000e+05    1.0198717949e+00   -3.6508947932e+02    9.8486231523e-01    9.7563193393e-01
        43   -3.6504651401e+02    1.2705461794e+01    2.1282282713e+05    2.1307300000e+05    1.0237179487e+00   -3.6510307899e+02    9.8485684619e-01    9.7559052531e-01
        44   -3.6504627803e+02    1.2674438521e+01    2.1246915559e+05    2.1273300000e+05    1.0282051282e+00   -3.6510983578e+02    9.8484642067e-01    9.7544809691e-01
        45   -3.6505774491e+02    1.2652542499e+01    2.1215097538e+05    2.1238700000e+05    1.0153846154e+00   -3.6510797203e+02    9.8482897645e-01    9.7574710317e-01
        46   -3.6505142882e+02    1.2686907870e+01    2.1198743839e+05    2.1225500000e+05    1.0102564103e+00   -3.6511881721e+02    9.8487073105e-01    9.7592989564e-01
        47   -3.6505066162e+02    1.2724503186e+01    2.1184741315e+05    2.1210300000e+05    1.0012820513e+00   -3.6511178474e+02    9.8481593753e-01    9.7585606993e-01
        48   -3.6505467926e+02    1.2736159058e+01    2.1166388121e+05    2.1190900000e+05    1.0115384615e+00   -3.6511010247e+02    9.8483064611e-01    9.7547532195e-01
        49   -3.6504628774e+02    1.2619088238e+01    2.1134559672e+05    2.1160800000e+05    9.8525641026e-01   -3.6511269868e+02    9.8482656652e-01    9.7601224906e-01
        50   -3.6505498670e+02    1.2603393869e+01    2.1126320062e+05    2.1148600000e+05    1.0102564103e+00   -3.6510373046e+02    9.8485908675e-01    9.7529860133e-01
        51   -3.6507794752e+02    1.2759879263e+01    2.1089928630e+05    2.1108500000e+05    1.0358974359e+00   -3.6511053151e+02    9.8479761041e-01    9.7624179833e-01
        52   -3.6507081185e+02    1.2708454332e+01    2.1077252599e+05    2.1101800000e+05    9.4615384615e-01   -3.6513317487e+02    9.8485031103e-01    9.7553763186e-01
        53   -3.6506954330e+02    1.2721017366e+01    2.1058775532e+05    2.1081600000e+05    1.0384615385e+00   -3.6512508148e+02    9.8485197398e-01    9.7550944900e-01
        54   -3.6507520779e+02    1.2631320675e+01    2.1032913157e+05    2.1053300000e+05    1.0102564103e+00   -3.6512246962e+02    9.8485323823e-01    9.7533403314e-01
        55   -3.6507174921e+02    1.2658664673e+01    2.1011524752e+05    2.1033100000e+05    9.9230769231e-01   -3.6512717418e+02    9.8486285366e-01    9.7566692499e-01
        56   -3.6507287828e+02    1.2661357517e+01    2.0995573553e+05    2.1016100000e+05    9.7500000000e-01   -3.6512290703e+02    9.8479112795e-01    9.7549497766e-01
        57   -3.6507492839e+02    1.2725059271e+01    2.0977029253e+05    2.0997200000e+05    1.0352564103e+00   -3.6512313638e+02    9.8483887786e-01    9.7582534814e-01
        58   -3.6507700878e+02    1.2737069524e+01    2.0957419839e+05    2.0977800000e+05    9.7564102564e-01   -3.6512426213e+02    9.8482395969e-01    9.7576962313e-01
        59   -3.6507768328e+02    1.2742776769e+01    2.0932720066e+05    2.0953200000e+05    1.0141025641e+00   -3.6512516916e+02    9.8480507471e-01    9.7520665101e-01
        60   -3.6508431877e+02    1.2679679799e+01    2.0895125513e+05    2.0913000000e+05    9.9102564103e-01   -3.6512392327e+02    9.8481358964e-01    9.7534547889e-01
        61   -3.6507920804e+02    1.2703739672e+01    2.0868958326e+05    2.0888400000e+05    1.0128205128e+00   -3.6512938176e+02    9.8485200593e-01    9.7588135041e-01
        62   -3.6507571009e+02    1.2648410494e+01    2.0853647051e+05    2.0873300000e+05    1.0250000000e+00   -3.6512354788e+02    9.8479127077e-01    9.7552854604e-01
        63   -3.6508490055e+02    1.2642053291e+01    2.0834265100e+05    2.0849500000e+05    1.0108974359e+00   -3.6511890907e+02    9.8482906422e-01    9.7580277705e-01
        64   -3.6508530973e+02    1.2670381945e+01    2.0805842791e+05    2.0823200000e+05    9.6410256410e-01   -3.6512683731e+02    9.8487633120e-01    9.7573859925e-01
        65   -3.6508894248e+02    1.2590802988e+01    2.0801206622e+05    2.0817200000e+05    9.5833333333e-01   -3.6512695831e+02    9.8482993211e-01    9.7576042888e-01
        66   -3.6508779986e+02    1.2705449620e+01    2.0794244970e+05    2.0811300000e+05    9.5897435897e-01   -3.6513030760e+02    9.8483731791e-01    9.7517214206e-01
        67   -3.6508849343e+02    1.2718455960e+01    2.0766139261e+05    2.0782000000e+05    1.0121794872e+00   -3.6512775610e+02    9.8484923269e-01    9.7602251949e-01
        68   -3.6508295928e+02    1.2746076716e+01    2.0748405540e+05    2.0766000000e+05    1.0115384615e+00   -3.6512767947e+02    9.8481423088e-01    9.7612924974e-01
        69   -3.6508952018e+02    1.2616730012e+01    2.0742646230e+05    2.0757400000e+05    9.9102564103e-01   -3.6512173110e+02    9.8478842876e-01    9.7626870417e-01
        70   -3.6508487541e+02    1.2637573493e+01    2.0734167131e+05    2.0750900000e+05    9.6025641026e-01   -3.6512797881e+02    9.8484639763e-01    9.7569743963e-01
        71   -3.6508503183e+02    1.2628179736e+01    2.0722290742e+05    2.0737700000e+05    9.8525641026e-01   -3.6512269772e+02    9.8486274257e-01    9.7546497442e-01
        72   -3.6509844129e+02    1.2719698789e+01    2.0702941103e+05    2.0714800000e+05    9.9423076923e-01   -3.6512174926e+02    9.8484608596e-01    9.7583370344e-01
        73   -3.6509955288e+02    1.2600505801e+01    2.0690025469e+05    2.0704100000e+05    1.0166666667e+00   -3.6513464204e+02    9.8480159709e-01    9.7590815346e-01
        74   -3.6509133074e+02    1.2623712192e+01    2.0671670164e+05    2.0688900000e+05    9.8076923077e-01   -3.6513501921e+02    9.8479845072e-01    9.7575511506e-01
        75   -3.6508736282e+02    1.2704413102e+01    2.0653091204e+05    2.0668300000e+05    9.4679487179e-01   -3.6512580087e+02    9.8484064326e-01    9.7567772870e-01
        76   -3.6509314669e+02    1.2628127445e+01    2.0638008849e+05    2.0650300000e+05    9.8269230769e-01   -3.6512096167e+02    9.8477979289e-01    9.7601003375e-01
        77   -3.6509464035e+02    1.2742899010e+01    2.0632623276e+05    2.0646300000e+05    1.0250000000e+00   -3.6512655182e+02    9.8481842977e-01    9.7563243777e-01
        78   -3.6509779764e+02    1.2541720490e+01    2.0626251392e+05    2.0639000000e+05    9.9230769231e-01   -3.6512769184e+02    9.8483016081e-01    9.7576917486e-01
        79   -3.6508909664e+02    1.2695973941e+01    2.0614421555e+05    2.0629200000e+05    9.8076923077e-01   -3.6513037419e+02    9.8478347398e-01    9.7629088864e-01
        80   -3.6508770746e+02    1.2585924891e+01    2.0613719297e+05    2.0627400000e+05    9.7115384615e-01   -3.6512158594e+02    9.8480750850e-01    9.7621610091e-01
        81   -3.6510598472e+02    1.2674196574e+01    2.0615110507e+05    2.0624900000e+05    9.9038461538e-01   -3.6512007555e+02    9.8480629691e-01    9.7603867170e-01
        82   -3.6508873322e+02    1.2636603057e+01    2.0593845025e+05    2.0610800000e+05    1.0282051282e+00   -3.6513766893e+02    9.8479848945e-01    9.7589128030e-01
        83   -3.6509805548e+02    1.2748947032e+01    2.0584443836e+05    2.0595200000e+05    1.0230769231e+00   -3.6511966026e+02    9.8479890411e-01    9.7610608297e-01
        84   -3.6510285306e+02    1.2825529484e+01    2.0570910361e+05    2.0583200000e+05    9.6730769231e-01   -3.6512839969e+02    9.8481296580e-01    9.7578607797e-01
        85   -3.6510497493e+02    1.2722784129e+01    2.0569166657e+05    2.0580800000e+05    9.3589743590e-01   -3.6513308067e+02    9.8485263571e-01    9.7543341367e-01
        86   -3.6510094301e+02    1.2561030972e+01    2.0555663949e+05    2.0567800000e+05    9.9871794872e-01   -3.6513457068e+02    9.8479459219e-01    9.7609856183e-01
        87   -3.6509792759e+02    1.2588422952e+01    2.0548737547e+05    2.0561900000e+05    1.0275641026e+00   -3.6513025187e+02    9.8478437168e-01    9.7544487620e-01
        88   -3.6510875757e+02    1.2704767797e+01    2.0522007252e+05    2.0531400000e+05    9.7692307692e-01   -3.6512575202e+02    9.8478594543e-01    9.7574446945e-01
        89   -3.6509821747e+02    1.2616243537e+01    2.0510619784e+05    2.0524100000e+05    9.8717948718e-01   -3.6513622639e+02    9.8480504896e-01    9.7618896809e-01
        90   -3.6509902433e+02    1.2653648966e+01    2.0517647613e+05    2.0528600000e+05    1.0269230769e+00   -3.6512590551e+02    9.8480571195e-01    9.7560476603e-01
        91   -3.6510747707e+02    1.2705909349e+01    2.0494095047e+05    2.0503300000e+05    9.8076923077e-01   -3.6512547918e+02    9.8482027163e-01    9.7663790707e-01
        92   -3.6510021910e+02    1.2677864598e+01    2.0494317572e+05    2.0507500000e+05    9.9871794872e-01   -3.6513413675e+02    9.8486195854e-01    9.7536998659e-01
        93   -3.6509878212e+02    1.2697785891e+01    2.0473395214e+05    2.0483400000e+05    1.0160256410e+00   -3.6512570291e+02    9.8484340404e-01    9.7560951795e-01
        94   -3.6509789224e+02    1.2722758288e+01    2.0455839956e+05    2.0466400000e+05    9.9358974359e-01   -3.6512343565e+02    9.8479761621e-01    9.7573095415e-01
        95   -3.6509489826e+02    1.2628770490e+01    2.0445821301e+05    2.0456400000e+05    9.8012820513e-01   -3.6512205704e+02    9.8479273030e-01    9.7602706244e-01
        96   -3.6509125126e+02    1.2611025266e+01    2.0442136651e+05    2.0451900000e+05    9.5576923077e-01   -3.6511884305e+02    9.8484629871e-01    9.7578220116e-01
        97   -3.6510252911e+02    1.2694482768e+01    2.0422285131e+05    2.0429700000e+05    9.6794871795e-01   -3.6511410999e+02    9.8482660563e-01    9.7602999555e-01
        98   -3.6510619681e+02    1.2709311415e+01    2.0405507607e+05    2.0414100000e+05    1.0051282051e+00   -3.6512462395e+02    9.8479960904e-01    9.7617822975e-01
        99   -3.6509059302e+02    1.2506838677e+01    2.0388950220e+05    2.0400600000e+05    9.7500000000e-01   -3.6512763013e+02    9.8482989345e-01    9.7560365872e-01
