#   index    LocalEnergy         LocalEnergy_sq      LocalPotential      Kinetic             ElecElec            Coulomb             LocalECP            NonLocalECP         BlockWeight         BlockCPU            AcceptRatio         
         0   -1.9895595441e+01    3.9620494901e+02   -3.4514844198e+01    1.4619248757e+01    2.2786672933e+01    1.2053075198e+01   -7.1947501727e+01    2.5929093972e+00    1.0240000000e+03    3.7409529090e-02    4.3881835938e-01
         1   -1.9863553819e+01    3.9488631127e+02   -3.4109753965e+01    1.4246200146e+01    2.3095534958e+01    1.2053075198e+01   -7.1999547677e+01    2.7411835556e+00    1.0240000000e+03    3.7452235818e-02    4.3702148437e-01
         2   -1.9878229737e+01    3.9545897128e+02   -3.4117728006e+01    1.4239498268e+01    2.2923280030e+01    1.2053075198e+01   -7.2111867982e+01    3.0177847473e+00    1.0240000000e+03    3.7269257009e-02    4.3802734375e-01
         3   -1.9890795290e+01    3.9630874823e+02   -3.4294970542e+01    1.4404175252e+01    2.2899629551e+01    1.2053075198e+01   -7.1862864343e+01    2.6151890521e+00    1.0240000000e+03    3.7325426936e-02    4.3594726562e-01
         4   -1.9855022644e+01    3.9454670741e+02   -3.3805098797e+01    1.3950076153e+01    2.2620818336e+01    1.2053075198e+01   -7.1212682690e+01    2.7336903583e+00    1.0240000000e+03    3.7136055529e-02    4.3535156250e-01
         5   -1.9913456417e+01    3.9691038156e+02   -3.3944903179e+01    1.4031446762e+01    2.2837316091e+01    1.2053075198e+01   -7.1732926007e+01    2.8976315391e+00    1.0240000000e+03    3.7287585437e-02    4.3588867188e-01
         6   -1.9903731456e+01    3.9653440969e+02   -3.4150281263e+01    1.4246549807e+01    2.2864454804e+01    1.2053075198e+01   -7.2088589350e+01    3.0207780839e+00    1.0240000000e+03    3.7427760661e-02    4.3648437500e-01
         7   -1.9894900530e+01    3.9610179332e+02   -3.4322586735e+01    1.4427686205e+01    2.2914809445e+01    1.2053075198e+01   -7.2072777991e+01    2.7823066127e+00    1.0240000000e+03    3.7290208042e-02    4.3680664062e-01
         8   -1.9893478721e+01    3.9615935643e+02   -3.4274353680e+01    1.4380874959e+01    2.2824847245e+01    1.2053075198e+01   -7.1847125630e+01    2.6948495060e+00    1.0240000000e+03    3.7331946194e-02    4.3774414062e-01
         9   -1.9865855506e+01    3.9498075248e+02   -3.3947142663e+01    1.4081287157e+01    2.2797105726e+01    1.2053075198e+01   -7.1397427000e+01    2.6001034129e+00    1.0240000000e+03    3.7296473980e-02    4.3593750000e-01
        10   -1.9866127683e+01    3.9502860189e+02   -3.4161415251e+01    1.4295287568e+01    2.2809855514e+01    1.2053075198e+01   -7.1785356506e+01    2.7610105436e+00    1.0240000000e+03    3.7206232548e-02    4.3443359375e-01
        11   -1.9882176824e+01    3.9561933074e+02   -3.3590717469e+01    1.3708540645e+01    2.2749148072e+01    1.2053075198e+01   -7.1117337764e+01    2.7243970249e+00    1.0240000000e+03    3.7209905684e-02    4.3923828125e-01
        12   -1.9869369530e+01    3.9510424003e+02   -3.4422720003e+01    1.4553350473e+01    2.2837586517e+01    1.2053075198e+01   -7.2069281566e+01    2.7558998479e+00    1.0240000000e+03    3.7301182747e-02    4.3722656250e-01
        13   -1.9922278777e+01    3.9729159978e+02   -3.4175658735e+01    1.4253379958e+01    2.2785340068e+01    1.2053075198e+01   -7.1402637881e+01    2.3885638791e+00    1.0240000000e+03    3.7238329649e-02    4.3564453125e-01
        14   -1.9891483803e+01    3.9597381533e+02   -3.4172150609e+01    1.4280666806e+01    2.2723232900e+01    1.2053075198e+01   -7.1465398113e+01    2.5169394052e+00    1.0240000000e+03    3.7315204740e-02    4.3532226562e-01
        15   -1.9916079847e+01    3.9693316120e+02   -3.3857688501e+01    1.3941608655e+01    2.2694963240e+01    1.2053075198e+01   -7.1227019797e+01    2.6212928567e+00    1.0240000000e+03    3.7210248411e-02    4.3747070313e-01
        16   -1.9921933809e+01    3.9725495687e+02   -3.3935716522e+01    1.4013782713e+01    2.2676874362e+01    1.2053075198e+01   -7.1236439386e+01    2.5707733035e+00    1.0240000000e+03    3.7279337645e-02    4.3693359375e-01
        17   -1.9895356253e+01    3.9614621788e+02   -3.4233077615e+01    1.4337721361e+01    2.2837593925e+01    1.2053075198e+01   -7.1793718312e+01    2.6699715750e+00    1.0240000000e+03    3.7392519414e-02    4.3541992187e-01
        18   -1.9861451388e+01    3.9475803576e+02   -3.4127209644e+01    1.4265758256e+01    2.2920536835e+01    1.2053075198e+01   -7.1752296993e+01    2.6514753158e+00    1.0240000000e+03    3.7280522287e-02    4.3778320312e-01
        19   -1.9890040993e+01    3.9603352040e+02   -3.4107436370e+01    1.4217395377e+01    2.2925471813e+01    1.2053075198e+01   -7.1922821264e+01    2.8368378825e+00    1.0240000000e+03    3.7314243615e-02    4.4144531250e-01
        20   -1.9858678297e+01    3.9465788092e+02   -3.4362322787e+01    1.4503644490e+01    2.2918920478e+01    1.2053075198e+01   -7.2315422092e+01    2.9811036284e+00    1.0240000000e+03    3.7303246558e-02    4.4050781250e-01
        21   -1.9822687840e+01    3.9326349503e+02   -3.3740551599e+01    1.3917863758e+01    2.2911581900e+01    1.2053075198e+01   -7.1287491010e+01    2.5822823123e+00    1.0240000000e+03    3.7337765098e-02    4.3831054687e-01
        22   -1.9882880557e+01    3.9566349816e+02   -3.3597384141e+01    1.3714503585e+01    2.2942606363e+01    1.2053075198e+01   -7.2020879361e+01    3.4278136590e+00    1.0240000000e+03    3.7287443876e-02    4.3743164063e-01
        23   -1.9879193248e+01    3.9547006178e+02   -3.3693852259e+01    1.3814659011e+01    2.2941973155e+01    1.2053075198e+01   -7.1643009815e+01    2.9541092025e+00    1.0240000000e+03    3.7335924804e-02    4.4100585937e-01
        24   -1.9898662727e+01    3.9624892552e+02   -3.4323302920e+01    1.4424640193e+01    2.2976586652e+01    1.2053075198e+01   -7.2203710359e+01    2.8507455889e+00    1.0240000000e+03    3.7317097187e-02    4.3535156250e-01
        25   -1.9889829910e+01    3.9590796659e+02   -3.4557539648e+01    1.4667709738e+01    2.2997216260e+01    1.2053075198e+01   -7.2235551522e+01    2.6277204165e+00    1.0240000000e+03    3.7318974733e-02    4.3366210937e-01
        26   -1.9840728731e+01    3.9411650214e+02   -3.4124167265e+01    1.4283438534e+01    2.2887819093e+01    1.2053075198e+01   -7.1972389776e+01    2.9073282186e+00    1.0240000000e+03    3.7243887782e-02    4.3864257813e-01
        27   -1.9841823337e+01    3.9405827812e+02   -3.4474736178e+01    1.4632912841e+01    2.3018569963e+01    1.2053075198e+01   -7.2304287750e+01    2.7579064108e+00    1.0240000000e+03    3.7340566516e-02    4.3748046875e-01
        28   -1.9890001217e+01    3.9591655500e+02   -3.4276017441e+01    1.4386016225e+01    2.2862402709e+01    1.2053075198e+01   -7.1780420725e+01    2.5889253768e+00    1.0240000000e+03    3.7340305746e-02    4.3689453125e-01
        29   -1.9872118391e+01    3.9523645986e+02   -3.4115689586e+01    1.4243571195e+01    2.2981170774e+01    1.2053075198e+01   -7.1918838783e+01    2.7689032251e+00    1.0240000000e+03    3.7306159735e-02    4.3384765625e-01
        30   -1.9875889351e+01    3.9535644926e+02   -3.4116213463e+01    1.4240324111e+01    2.2879456756e+01    1.2053075198e+01   -7.1768918276e+01    2.7201728590e+00    1.0240000000e+03    3.7267982960e-02    4.3803710938e-01
        31   -1.9903992023e+01    3.9674394302e+02   -3.3935429994e+01    1.4031437971e+01    2.2878562898e+01    1.2053075198e+01   -7.1453832915e+01    2.5867648239e+00    1.0240000000e+03    3.7285357714e-02    4.3623046875e-01
        32   -1.9888336760e+01    3.9584609533e+02   -3.4148550955e+01    1.4260214195e+01    2.2835447249e+01    1.2053075198e+01   -7.1940078280e+01    2.9030048781e+00    1.0240000000e+03    3.7216745317e-02    4.3313476562e-01
        33   -1.9844297509e+01    3.9412947047e+02   -3.4309585718e+01    1.4465288209e+01    2.3031577390e+01    1.2053075198e+01   -7.2153773581e+01    2.7595352753e+00    1.0240000000e+03    3.7396892905e-02    4.3640625000e-01
        34   -1.9858033691e+01    3.9467942292e+02   -3.4067374720e+01    1.4209341029e+01    2.2811273870e+01    1.2053075198e+01   -7.1966919066e+01    3.0351952782e+00    1.0240000000e+03    3.7195801735e-02    4.3965820312e-01
        35   -1.9897822215e+01    3.9625835102e+02   -3.3738408167e+01    1.3840585952e+01    2.2853052299e+01    1.2053075198e+01   -7.1486506031e+01    2.8419703665e+00    1.0240000000e+03    3.7337973714e-02    4.3774414062e-01
        36   -1.9855884877e+01    3.9464162183e+02   -3.3922189615e+01    1.4066304738e+01    2.2809220696e+01    1.2053075198e+01   -7.1555570794e+01    2.7710852852e+00    1.0240000000e+03    3.7237159908e-02    4.3586914062e-01
        37   -1.9910698819e+01    3.9692187679e+02   -3.3865838061e+01    1.3955139242e+01    2.2726118825e+01    1.2053075198e+01   -7.1460149430e+01    2.8151173460e+00    1.0240000000e+03    3.7247247994e-02    4.3833007813e-01
        38   -1.9846882594e+01    3.9420425694e+02   -3.4207840147e+01    1.4360957554e+01    2.2938222208e+01    1.2053075198e+01   -7.1685351433e+01    2.4862138792e+00    1.0240000000e+03    3.7381209433e-02    4.3840820313e-01
        39   -1.9872745911e+01    3.9524116426e+02   -3.4018701482e+01    1.4145955571e+01    2.2863971847e+01    1.2053075198e+01   -7.1807146118e+01    2.8713975909e+00    1.0240000000e+03    3.7300147116e-02    4.3577148438e-01
        40   -1.9919818869e+01    3.9718394989e+02   -3.4395748311e+01    1.4475929442e+01    2.2774057320e+01    1.2053075198e+01   -7.1845174874e+01    2.6222940453e+00    1.0240000000e+03    3.7348270416e-02    4.3590820312e-01
        41   -1.9876132543e+01    3.9556647075e+02   -3.4015271536e+01    1.4139138994e+01    2.2695616500e+01    1.2053075198e+01   -7.1493038385e+01    2.7290751507e+00    1.0240000000e+03    3.7265583873e-02    4.4000976562e-01
        42   -1.9901690213e+01    3.9640138792e+02   -3.4368487179e+01    1.4466796966e+01    2.3085302222e+01    1.2053075198e+01   -7.2158483579e+01    2.6516189800e+00    1.0240000000e+03    3.7425152957e-02    4.3066406250e-01
        43   -1.9894745389e+01    3.9615079658e+02   -3.4154438758e+01    1.4259693369e+01    2.2841175845e+01    1.2053075198e+01   -7.1870541630e+01    2.8218518295e+00    1.0240000000e+03    3.7346303463e-02    4.3760742188e-01
        44   -1.9871708506e+01    3.9522946579e+02   -3.4339469122e+01    1.4467760616e+01    2.2877080574e+01    1.2053075198e+01   -7.2009125084e+01    2.7395001894e+00    1.0240000000e+03    3.7280328572e-02    4.4140625000e-01
        45   -1.9894138552e+01    3.9621562340e+02   -3.4078577167e+01    1.4184438616e+01    2.2826583208e+01    1.2053075198e+01   -7.1629332093e+01    2.6710965192e+00    1.0240000000e+03    3.7326574326e-02    4.3619140625e-01
        46   -1.9874887160e+01    3.9536149548e+02   -3.4180293948e+01    1.4305406788e+01    2.2824252944e+01    1.2053075198e+01   -7.1849378413e+01    2.7917563233e+00    1.0240000000e+03    3.7299513817e-02    4.3373046875e-01
        47   -1.9899410498e+01    3.9625547478e+02   -3.4139220624e+01    1.4239810126e+01    2.3056517242e+01    1.2053075198e+01   -7.2157645451e+01    2.9088323868e+00    1.0240000000e+03    3.7379540503e-02    4.3423828125e-01
        48   -1.9897724299e+01    3.9623091717e+02   -3.4395960123e+01    1.4498235824e+01    2.3082786043e+01    1.2053075198e+01   -7.2377736346e+01    2.8459149819e+00    1.0240000000e+03    3.7278652191e-02    4.3681640625e-01
        49   -1.9867074479e+01    3.9505630606e+02   -3.4283256309e+01    1.4416181830e+01    2.3057151873e+01    1.2053075198e+01   -7.2051732037e+01    2.6582486563e+00    1.0240000000e+03    3.7335947156e-02    4.3411132812e-01
        50   -1.9895245738e+01    3.9608240664e+02   -3.4191814180e+01    1.4296568442e+01    2.2890360325e+01    1.2053075198e+01   -7.2215714345e+01    3.0804646418e+00    1.0240000000e+03    3.7326127291e-02    4.3639648438e-01
        51   -1.9907535235e+01    3.9670326271e+02   -3.3863745800e+01    1.3956210565e+01    2.2787204967e+01    1.2053075198e+01   -7.1679189095e+01    2.9751631294e+00    1.0240000000e+03    3.7283584476e-02    4.3838867187e-01
        52   -1.9914446991e+01    3.9741307252e+02   -3.4211315361e+01    1.4296868371e+01    2.2884905393e+01    1.2053075198e+01   -7.2037879490e+01    2.8885835365e+00    1.0240000000e+03    3.7496544421e-02    4.3851562500e-01
        53   -1.9885716161e+01    3.9577216181e+02   -3.4610455844e+01    1.4724739684e+01    2.3050460243e+01    1.2053075198e+01   -7.2470615678e+01    2.7566243923e+00    1.0240000000e+03    3.7377230823e-02    4.3779296875e-01
        54   -1.9882449122e+01    3.9560335615e+02   -3.4037919627e+01    1.4155470506e+01    2.2885212247e+01    1.2053075198e+01   -7.1736563903e+01    2.7603568305e+00    1.0240000000e+03    3.7322960794e-02    4.3776367187e-01
        55   -1.9866968031e+01    3.9499220043e+02   -3.4197445894e+01    1.4330477863e+01    2.2734715049e+01    1.2053075198e+01   -7.1825426585e+01    2.8401904429e+00    1.0240000000e+03    3.7263028324e-02    4.3976562500e-01
        56   -1.9883624932e+01    3.9563239621e+02   -3.3849854588e+01    1.3966229656e+01    2.2708048709e+01    1.2053075198e+01   -7.1343854868e+01    2.7328763729e+00    1.0240000000e+03    3.7230633199e-02    4.3899414063e-01
        57   -1.9897331688e+01    3.9625956208e+02   -3.4172176857e+01    1.4274845170e+01    2.2805112723e+01    1.2053075198e+01   -7.1949468560e+01    2.9191037813e+00    1.0240000000e+03    3.7337839603e-02    4.3760742188e-01
        58   -1.9888335213e+01    3.9583783245e+02   -3.4068955586e+01    1.4180620373e+01    2.2752137834e+01    1.2053075198e+01   -7.1670283797e+01    2.7961151790e+00    1.0240000000e+03    3.7303365767e-02    4.3668945313e-01
        59   -1.9902671650e+01    3.9644783728e+02   -3.4176761400e+01    1.4274089750e+01    2.2773548006e+01    1.2053075198e+01   -7.1740601276e+01    2.7372166718e+00    1.0240000000e+03    3.7240624428e-02    4.3623046875e-01
        60   -1.9887941867e+01    3.9591487381e+02   -3.3987972180e+01    1.4100030313e+01    2.3077581180e+01    1.2053075198e+01   -7.2070516411e+01    2.9518878528e+00    1.0240000000e+03    3.7370584905e-02    4.3609375000e-01
        61   -1.9898467197e+01    3.9629578432e+02   -3.3971586744e+01    1.4073119547e+01    2.2784904775e+01    1.2053075198e+01   -7.1432638227e+01    2.6230715098e+00    1.0240000000e+03    3.7345439196e-02    4.4025390625e-01
        62   -1.9893715352e+01    3.9622052048e+02   -3.3871654373e+01    1.3977939020e+01    2.2907648443e+01    1.2053075198e+01   -7.1811551879e+01    2.9791738658e+00    1.0240000000e+03    3.7329077721e-02    4.3749023438e-01
        63   -1.9877790503e+01    3.9543931287e+02   -3.4307250400e+01    1.4429459897e+01    2.2800866034e+01    1.2053075198e+01   -7.1971451569e+01    2.8102599361e+00    1.0240000000e+03    3.7368170917e-02    4.3770507813e-01
        64   -1.9874120726e+01    3.9532289107e+02   -3.3961341105e+01    1.4087220379e+01    2.2887359454e+01    1.2053075198e+01   -7.1633105167e+01    2.7313294096e+00    1.0240000000e+03    3.7346772850e-02    4.4098632813e-01
        65   -1.9869798178e+01    3.9511316673e+02   -3.4202301854e+01    1.4332503676e+01    2.2980078084e+01    1.2053075198e+01   -7.1897082649e+01    2.6616275127e+00    1.0240000000e+03    3.7331975996e-02    4.3416015625e-01
        66   -1.9891454696e+01    3.9605567498e+02   -3.3763942475e+01    1.3872487779e+01    2.2860588283e+01    1.2053075198e+01   -7.1418863354e+01    2.7412573976e+00    1.0240000000e+03    3.7312053144e-02    4.3635742187e-01
        67   -1.9856872236e+01    3.9461956301e+02   -3.4198402948e+01    1.4341530711e+01    2.2759649137e+01    1.2053075198e+01   -7.1968751278e+01    2.9576239951e+00    1.0240000000e+03    3.7177026272e-02    4.3605468750e-01
        68   -1.9872072325e+01    3.9518784587e+02   -3.3948010812e+01    1.4075938487e+01    2.2792488769e+01    1.2053075198e+01   -7.1436227281e+01    2.6426525014e+00    1.0240000000e+03    3.7291824818e-02    4.3835937500e-01
        69   -1.9888320007e+01    3.9597802136e+02   -3.4309355039e+01    1.4421035032e+01    2.2957381249e+01    1.2053075198e+01   -7.2162330436e+01    2.8425189488e+00    1.0240000000e+03    3.7340015173e-02    4.3698242188e-01
        70   -1.9884736087e+01    3.9572157473e+02   -3.4522048841e+01    1.4637312753e+01    2.2926532820e+01    1.2053075198e+01   -7.2128830972e+01    2.6271741130e+00    1.0240000000e+03    3.7358209491e-02    4.3680664063e-01
        71   -1.9889935222e+01    3.9597127140e+02   -3.4224071585e+01    1.4334136363e+01    2.2906965120e+01    1.2053075198e+01   -7.1978131538e+01    2.7940196339e+00    1.0240000000e+03    3.7296473980e-02    4.4034179687e-01
        72   -1.9834451236e+01    3.9377457990e+02   -3.4288787593e+01    1.4454336357e+01    2.2938185445e+01    1.2053075198e+01   -7.1802710815e+01    2.5226625786e+00    1.0240000000e+03    3.7365525961e-02    4.3501953125e-01
        73   -1.9923230630e+01    3.9736028243e+02   -3.4258834259e+01    1.4335603629e+01    2.2814807739e+01    1.2053075198e+01   -7.1644296037e+01    2.5175788411e+00    1.0240000000e+03    3.7211604416e-02    4.3352539062e-01
        74   -1.9890993167e+01    3.9596063755e+02   -3.4118808646e+01    1.4227815479e+01    2.2842950211e+01    1.2053075198e+01   -7.1806807484e+01    2.7919734279e+00    1.0240000000e+03    3.7284336984e-02    4.3719726562e-01
        75   -1.9909807500e+01    3.9673218180e+02   -3.4259135274e+01    1.4349327774e+01    2.2975679039e+01    1.2053075198e+01   -7.2120691571e+01    2.8328020599e+00    1.0240000000e+03    3.7313669920e-02    4.3391601562e-01
        76   -1.9869248420e+01    3.9537692805e+02   -3.4408494751e+01    1.4539246331e+01    2.3017341802e+01    1.2053075198e+01   -7.2266823275e+01    2.7879115238e+00    1.0240000000e+03    3.7423156202e-02    4.3964843750e-01
        77   -1.9874212554e+01    3.9528647705e+02   -3.4236886480e+01    1.4362673926e+01    2.3055925626e+01    1.2053075198e+01   -7.2057206965e+01    2.7113196604e+00    1.0240000000e+03    3.7371590734e-02    4.3550781250e-01
        78   -1.9875698293e+01    3.9538012329e+02   -3.4196528945e+01    1.4320830652e+01    2.2804094307e+01    1.2053075198e+01   -7.1659462923e+01    2.6057644724e+00    1.0240000000e+03    3.7296585739e-02    4.3718750000e-01
        79   -1.9874640729e+01    3.9532305321e+02   -3.4135359309e+01    1.4260718580e+01    2.2923879733e+01    1.2053075198e+01   -7.2047481560e+01    2.9351673199e+00    1.0240000000e+03    3.7335194647e-02    4.3880859375e-01
        80   -1.9883541847e+01    3.9565606017e+02   -3.4095201605e+01    1.4211659757e+01    2.2773598529e+01    1.2053075198e+01   -7.1767854593e+01    2.8459792612e+00    1.0240000000e+03    3.7298887968e-02    4.3583984375e-01
        81   -1.9904209556e+01    3.9660285089e+02   -3.4579463849e+01    1.4675254292e+01    2.2879441754e+01    1.2053075198e+01   -7.2090620903e+01    2.5786401021e+00    1.0240000000e+03    3.7314109504e-02    4.3519531250e-01
        82   -1.9913891761e+01    3.9684337069e+02   -3.4457469073e+01    1.4543577312e+01    2.2822527740e+01    1.2053075198e+01   -7.2151582215e+01    2.8185102041e+00    1.0240000000e+03    3.7400580943e-02    4.3925781250e-01
        83   -1.9902658399e+01    3.9654407696e+02   -3.4283109419e+01    1.4380451020e+01    2.3005347660e+01    1.2053075198e+01   -7.2147192843e+01    2.8056605660e+00    1.0240000000e+03    3.7415012717e-02    4.3430664063e-01
        84   -1.9899215347e+01    3.9629160331e+02   -3.4002683863e+01    1.4103468515e+01    2.2748742394e+01    1.2053075198e+01   -7.1761167909e+01    2.9566664546e+00    1.0240000000e+03    3.7344448268e-02    4.3845703125e-01
        85   -1.9867178455e+01    3.9504337767e+02   -3.4123053159e+01    1.4255874705e+01    2.2924820217e+01    1.2053075198e+01   -7.2032949604e+01    2.9320010294e+00    1.0240000000e+03    3.7330277264e-02    4.3875976563e-01
        86   -1.9906010762e+01    3.9654328700e+02   -3.3996810204e+01    1.4090799443e+01    2.2933815789e+01    1.2053075198e+01   -7.1555356493e+01    2.5716553012e+00    1.0240000000e+03    3.7370085716e-02    4.3768554687e-01
        87   -1.9873051252e+01    3.9521542412e+02   -3.4126413510e+01    1.4253362258e+01    2.2828890608e+01    1.2053075198e+01   -7.1475617385e+01    2.4672380684e+00    1.0240000000e+03    3.7317827344e-02    4.3637695312e-01
        88   -1.9847925653e+01    3.9427952840e+02   -3.4012867185e+01    1.4164941532e+01    2.2818312577e+01    1.2053075198e+01   -7.1514511275e+01    2.6302563150e+00    1.0240000000e+03    3.7340134382e-02    4.3793945312e-01
        89   -1.9872891984e+01    3.9525601914e+02   -3.4253740952e+01    1.4380848969e+01    2.2788973678e+01    1.2053075198e+01   -7.1857212025e+01    2.7614221966e+00    1.0240000000e+03    3.7302114069e-02    4.3643554688e-01
        90   -1.9887872506e+01    3.9582994143e+02   -3.4257523424e+01    1.4369650918e+01    2.2706140170e+01    1.2053075198e+01   -7.1507865820e+01    2.4911270286e+00    1.0240000000e+03    3.7300899625e-02    4.4004882813e-01
        91   -1.9894526886e+01    3.9613518268e+02   -3.4318809569e+01    1.4424282684e+01    2.2998039308e+01    1.2053075198e+01   -7.1947539240e+01    2.5776151650e+00    1.0240000000e+03    3.7361852825e-02    4.3492187500e-01
        92   -1.9846612494e+01    3.9419217087e+02   -3.4564661435e+01    1.4718048940e+01    2.2850109989e+01    1.2053075198e+01   -7.2228163083e+01    2.7603164615e+00    1.0240000000e+03    3.7363059819e-02    4.3705078125e-01
        93   -1.9861365525e+01    3.9476313454e+02   -3.3984604876e+01    1.4123239351e+01    2.3019065242e+01    1.2053075198e+01   -7.1872133756e+01    2.8153884402e+00    1.0240000000e+03    3.7398800254e-02    4.3811523438e-01
        94   -1.9889147734e+01    3.9587213654e+02   -3.3822838948e+01    1.3933691215e+01    2.2781594995e+01    1.2053075198e+01   -7.1125177197e+01    2.4676680559e+00    1.0240000000e+03    3.7310667336e-02    4.3955078125e-01
        95   -1.9903789304e+01    3.9645220730e+02   -3.4169921339e+01    1.4266132035e+01    2.2927809890e+01    1.2053075198e+01   -7.2022442881e+01    2.8716364543e+00    1.0240000000e+03    3.7272281945e-02    4.3625000000e-01
        96   -1.9870030385e+01    3.9515852720e+02   -3.4037305870e+01    1.4167275484e+01    2.2770830317e+01    1.2053075198e+01   -7.1959302350e+01    3.0980909651e+00    1.0240000000e+03    3.7282057106e-02    4.3963867187e-01
        97   -1.9884807714e+01    3.9573622771e+02   -3.4299183479e+01    1.4414375766e+01    2.2875685770e+01    1.2053075198e+01   -7.1826481068e+01    2.5985366210e+00    1.0240000000e+03    3.7391409278e-02    4.3416015625e-01
        98   -1.9887448313e+01    3.9581600148e+02   -3.4229578863e+01    1.4342130550e+01    2.2961829056e+01    1.2053075198e+01   -7.1857964076e+01    2.6134809580e+00    1.0240000000e+03    3.7315212190e-02    4.3643554687e-01
        99   -1.9881965531e+01    3.9560763439e+02   -3.4252481333e+01    1.4370515802e+01    2.2836855340e+01    1.2053075198e+01   -7.1942876149e+01    2.8004642784e+00    1.0240000000e+03    3.7214271724e-02    4.3545898437e-01
