#   index    LocalEnergy         LocalEnergy_sq      LocalPotential      Kinetic             ElecElec            Coulomb             LocalECP            NonLocalECP         BlockWeight         BlockCPU            AcceptRatio         
         0   -1.9661111089e+01    3.8666214847e+02   -3.9514791274e+01    1.9853680184e+01    2.7407852629e+01    1.2053075198e+01   -8.0362157109e+01    1.3864380085e+00    1.6447400000e+05    2.3949437737e+00    9.9100545906e-01
         1   -1.9558208341e+01    3.8305189497e+02   -4.0484268089e+01    2.0926059748e+01    2.7492632090e+01    1.2053075198e+01   -8.2978091889e+01    2.9481165115e+00    1.6465200000e+05    2.3768077493e+00    9.9161264154e-01
         2   -1.9595002117e+01    3.8447276609e+02   -4.0859516643e+01    2.1264514526e+01    2.7218248896e+01    1.2053075198e+01   -8.3559055273e+01    3.4282145360e+00    1.6480100000e+05    2.7209307551e+00    9.9202550840e-01
         3   -1.9657092437e+01    3.8689808371e+02   -4.0791838134e+01    2.1134745696e+01    2.6947409939e+01    1.2053075198e+01   -8.3468772169e+01    3.6764488973e+00    1.6511200000e+05    2.6447336674e+00    9.9211471263e-01
         4   -1.9715008831e+01    3.8920663616e+02   -4.0568959280e+01    2.0853950449e+01    2.6672681992e+01    1.2053075198e+01   -8.3067012298e+01    3.7722958281e+00    1.6495100000e+05    2.2852069736e+00    9.9233713669e-01
         5   -1.9749137594e+01    3.9051611353e+02   -4.0137158859e+01    2.0388021265e+01    2.6424696842e+01    1.2053075198e+01   -8.2366189322e+01    3.7512584219e+00    1.6480900000e+05    2.2619202733e+00    9.9270725168e-01
         6   -1.9787525564e+01    3.9203895066e+02   -3.9738122536e+01    1.9950596972e+01    2.6190498754e+01    1.2053075198e+01   -8.1737261767e+01    3.7555652787e+00    1.6490400000e+05    2.2426596880e+00    9.9260122951e-01
         7   -1.9816067090e+01    3.9318278573e+02   -3.9284063018e+01    1.9467995927e+01    2.5964571694e+01    1.2053075198e+01   -8.0991519708e+01    3.6898097980e+00    1.6505700000e+05    2.2103165388e+00    9.9297174000e-01
         8   -1.9835163995e+01    3.9388891535e+02   -3.8892220887e+01    1.9057056891e+01    2.5768555116e+01    1.2053075198e+01   -8.0355086718e+01    3.6412355169e+00    1.6510300000e+05    2.1958442926e+00    9.9336150342e-01
         9   -1.9848646895e+01    3.9440706102e+02   -3.8545205031e+01    1.8696558136e+01    2.5600707513e+01    1.2053075198e+01   -7.9737785473e+01    3.5387977300e+00    1.6498400000e+05    2.1814887524e+00    9.9366089626e-01
        10   -1.9855573830e+01    3.9468752792e+02   -3.8190416302e+01    1.8334842472e+01    2.5436670110e+01    1.2053075198e+01   -7.9200310636e+01    3.5201490256e+00    1.6484700000e+05    2.1603442430e+00    9.9369718340e-01
        11   -1.9858447392e+01    3.9477067420e+02   -3.7881960317e+01    1.8023512925e+01    2.5286222806e+01    1.2053075198e+01   -7.8692568027e+01    3.4713097055e+00    1.6483000000e+05    2.1413516998e+00    9.9355653245e-01
        12   -1.9866878382e+01    3.9510669132e+02   -3.7661405576e+01    1.7794527195e+01    2.5154587705e+01    1.2053075198e+01   -7.8350921430e+01    3.4818529510e+00    1.6494900000e+05    2.1402264833e+00    9.9405245622e-01
        13   -1.9885205772e+01    3.9583246672e+02   -3.7411616118e+01    1.7526410346e+01    2.5031219099e+01    1.2053075198e+01   -7.7935640020e+01    3.4397296045e+00    1.6507600000e+05    2.1219440699e+00    9.9372454038e-01
        14   -1.9892489833e+01    3.9611297795e+02   -3.7166876178e+01    1.7274386344e+01    2.4900604247e+01    1.2053075198e+01   -7.7436334963e+01    3.3157793404e+00    1.6473500000e+05    2.1045987606e+00    9.9412974886e-01
        15   -1.9895916180e+01    3.9625873334e+02   -3.6950194880e+01    1.7054278701e+01    2.4766650760e+01    1.2053075198e+01   -7.6998953527e+01    3.2290326879e+00    1.6480500000e+05    2.1376332641e+00    9.9405370323e-01
        16   -1.9900532041e+01    3.9642728650e+02   -3.6758860864e+01    1.6858328823e+01    2.4651493296e+01    1.2053075198e+01   -7.6628752792e+01    3.1653234336e+00    1.6470700000e+05    2.0776555538e+00    9.9445702289e-01
        17   -1.9903580154e+01    3.9653119285e+02   -3.6603549395e+01    1.6699969241e+01    2.4553951520e+01    1.2053075198e+01   -7.6361861474e+01    3.1512853602e+00    1.6461000000e+05    2.0745091438e+00    9.9435624590e-01
        18   -1.9922275065e+01    3.9731980411e+02   -3.6545430775e+01    1.6623155710e+01    2.4443735979e+01    1.2053075198e+01   -7.6058288269e+01    3.0160463166e+00    1.6491300000e+05    2.0809029341e+00    9.9446945810e-01
        19   -1.9920815695e+01    3.9729210597e+02   -3.6367182624e+01    1.6446366928e+01    2.4377245311e+01    1.2053075198e+01   -7.5858755318e+01    3.0612521851e+00    1.6502400000e+05    2.0753943324e+00    9.9450947926e-01
        20   -1.9919371600e+01    3.9719832603e+02   -3.6188458376e+01    1.6269086776e+01    2.4299658154e+01    1.2053075198e+01   -7.5624359492e+01    3.0831677637e+00    1.6501400000e+05    2.0772787333e+00    9.9494596804e-01
        21   -1.9919461579e+01    3.9719061834e+02   -3.6056837012e+01    1.6137375432e+01    2.4226560249e+01    1.2053075198e+01   -7.5443345074e+01    3.1068726154e+00    1.6528500000e+05    2.0622312427e+00    9.9477801916e-01
        22   -1.9924056567e+01    3.9734445715e+02   -3.5895059779e+01    1.5971003211e+01    2.4162101260e+01    1.2053075198e+01   -7.5211561976e+01    3.1013257390e+00    1.6565700000e+05    2.0714458227e+00    9.9433712604e-01
        23   -1.9919486076e+01    3.9715874533e+02   -3.5791331708e+01    1.5871845632e+01    2.4099701781e+01    1.2053075198e+01   -7.5017263051e+01    3.0731543639e+00    1.6568700000e+05    2.0624049902e+00    9.9486434389e-01
        24   -1.9918974198e+01    3.9714871517e+02   -3.5728260145e+01    1.5809285947e+01    2.4037029209e+01    1.2053075198e+01   -7.4880096533e+01    3.0617319807e+00    1.6527100000e+05    2.0437772274e+00    9.9481505677e-01
        25   -1.9914736538e+01    3.9694370175e+02   -3.5592260809e+01    1.5677524271e+01    2.3993048726e+01    1.2053075198e+01   -7.4723474716e+01    3.0850899831e+00    1.6527700000e+05    2.0457984805e+00    9.9506279351e-01
        26   -1.9916754129e+01    3.9706585701e+02   -3.5552019242e+01    1.5635265113e+01    2.3924603162e+01    1.2053075198e+01   -7.4617263379e+01    3.0875657772e+00    1.6524500000e+05    1.9670608044e+00    9.9488639443e-01
        27   -1.9915509966e+01    3.9698400096e+02   -3.5464917896e+01    1.5549407930e+01    2.3886292609e+01    1.2053075198e+01   -7.4433905511e+01    3.0296198073e+00    1.6544600000e+05    1.9208945632e+00    9.9515198398e-01
        28   -1.9919140376e+01    3.9714407709e+02   -3.5432107423e+01    1.5512967047e+01    2.3857287740e+01    1.2053075198e+01   -7.4319923845e+01    2.9774534839e+00    1.6571200000e+05    1.9188080430e+00    9.9495464152e-01
        29   -1.9923789614e+01    3.9732360644e+02   -3.5337365436e+01    1.5413575822e+01    2.3806895703e+01    1.2053075198e+01   -7.4145326076e+01    2.9479897385e+00    1.6591600000e+05    1.9092779756e+00    9.9500351323e-01
        30   -1.9922669763e+01    3.9726976282e+02   -3.5242708444e+01    1.5320038682e+01    2.3757758123e+01    1.2053075198e+01   -7.3936149377e+01    2.8826076116e+00    1.6591300000e+05    1.8982287645e+00    9.9532904669e-01
        31   -1.9916106342e+01    3.9700334297e+02   -3.5234613593e+01    1.5318507250e+01    2.3720563868e+01    1.2053075198e+01   -7.3857641424e+01    2.8493887651e+00    1.6564700000e+05    1.8953047991e+00    9.9491740559e-01
        32   -1.9928734732e+01    3.9768619213e+02   -3.5217369717e+01    1.5288634984e+01    2.3669938258e+01    1.2053075198e+01   -7.3815953310e+01    2.8755701362e+00    1.6555000000e+05    1.8914965391e+00    9.9520351274e-01
        33   -1.9922276361e+01    3.9727093543e+02   -3.5093973540e+01    1.5171697179e+01    2.3652335847e+01    1.2053075198e+01   -7.3753025206e+01    2.9536406207e+00    1.6568000000e+05    1.8868618011e+00    9.9491241266e-01
        34   -1.9921558450e+01    3.9723539389e+02   -3.5087762478e+01    1.5166204028e+01    2.3598406017e+01    1.2053075198e+01   -7.3650074295e+01    2.9108306025e+00    1.6531200000e+05    1.8771730065e+00    9.9504585029e-01
        35   -1.9916465105e+01    3.9702715384e+02   -3.5104488012e+01    1.5188022908e+01    2.3543583539e+01    1.2053075198e+01   -7.3567310966e+01    2.8661642164e+00    1.6513500000e+05    1.8654370308e+00    9.9514966878e-01
        36   -1.9927863753e+01    3.9746628953e+02   -3.5052845947e+01    1.5124982194e+01    2.3525468386e+01    1.2053075198e+01   -7.3503195136e+01    2.8718056043e+00    1.6530300000e+05    1.8646461368e+00    9.9508134491e-01
        37   -1.9934484346e+01    3.9774770180e+02   -3.4976974817e+01    1.5042490471e+01    2.3499559938e+01    1.2053075198e+01   -7.3362624037e+01    2.8330140831e+00    1.6513900000e+05    1.8677675724e+00    9.9495595232e-01
        38   -1.9923935322e+01    3.9731307532e+02   -3.4931852702e+01    1.5007917379e+01    2.3490706785e+01    1.2053075198e+01   -7.3294330671e+01    2.8186959859e+00    1.6514900000e+05    1.8656265140e+00    9.9514416180e-01
        39   -1.9926070562e+01    3.9740371741e+02   -3.4918226446e+01    1.4992155884e+01    2.3464585010e+01    1.2053075198e+01   -7.3299684673e+01    2.8637980194e+00    1.6505500000e+05    1.8618829846e+00    9.9478969742e-01
        40   -1.9933158477e+01    3.9771063287e+02   -3.4966749650e+01    1.5033591173e+01    2.3452938302e+01    1.2053075198e+01   -7.3313952983e+01    2.8411898327e+00    1.6501200000e+05    1.8725217581e+00    9.9483671555e-01
        41   -1.9934014086e+01    3.9774282957e+02   -3.4875834235e+01    1.4941820149e+01    2.3452226071e+01    1.2053075198e+01   -7.3192536244e+01    2.8114007398e+00    1.6504100000e+05    1.8663398623e+00    9.9506202239e-01
        42   -1.9935045924e+01    3.9777283859e+02   -3.4825225926e+01    1.4890180002e+01    2.3402352993e+01    1.2053075198e+01   -7.3079768961e+01    2.7991148438e+00    1.6498100000e+05    1.8526607752e+00    9.9523585940e-01
        43   -1.9933265421e+01    3.9769150497e+02   -3.4728930829e+01    1.4795665409e+01    2.3374361794e+01    1.2053075198e+01   -7.3004437423e+01    2.8480696017e+00    1.6502500000e+05    1.8534287810e+00    9.9520658292e-01
        44   -1.9923065937e+01    3.9729424332e+02   -3.4732501543e+01    1.4809435607e+01    2.3333150405e+01    1.2053075198e+01   -7.3005345997e+01    2.8866188498e+00    1.6503600000e+05    1.8570256829e+00    9.9494643380e-01
        45   -1.9931751307e+01    3.9763901524e+02   -3.4811660918e+01    1.4879909611e+01    2.3329130151e+01    1.2053075198e+01   -7.3020719666e+01    2.8268533986e+00    1.6518400000e+05    1.8523400426e+00    9.9507814207e-01
        46   -1.9941552590e+01    3.9811727410e+02   -3.4838399996e+01    1.4896847406e+01    2.3338939597e+01    1.2053075198e+01   -7.3021268576e+01    2.7908537844e+00    1.6542900000e+05    1.8551787138e+00    9.9495785840e-01
        47   -1.9941504698e+01    3.9807121250e+02   -3.4749558971e+01    1.4808054273e+01    2.3328481811e+01    1.2053075198e+01   -7.2966879012e+01    2.8357630319e+00    1.6555700000e+05    1.8527732491e+00    9.9494419072e-01
        48   -1.9937905106e+01    3.9790373562e+02   -3.4778015889e+01    1.4840110784e+01    2.3286255766e+01    1.2053075198e+01   -7.2916571878e+01    2.7992250235e+00    1.6565000000e+05    1.8425762057e+00    9.9523086809e-01
        49   -1.9940306306e+01    3.9800508653e+02   -3.4828178128e+01    1.4887871822e+01    2.3288839631e+01    1.2053075198e+01   -7.2990152596e+01    2.8200596391e+00    1.6588000000e+05    1.8450340033e+00    9.9474874285e-01
        50   -1.9935974421e+01    3.9781715183e+02   -3.4755389056e+01    1.4819414635e+01    2.3266785966e+01    1.2053075198e+01   -7.2913625068e+01    2.8383748475e+00    1.6611800000e+05    1.8508185148e+00    9.9556340669e-01
        51   -1.9934227133e+01    3.9774222035e+02   -3.4739859540e+01    1.4805632407e+01    2.3248577687e+01    1.2053075198e+01   -7.2898009166e+01    2.8564967403e+00    1.6585700000e+05    1.8558792472e+00    9.9492350604e-01
        52   -1.9933536848e+01    3.9770040896e+02   -3.4712994132e+01    1.4779457284e+01    2.3244402643e+01    1.2053075198e+01   -7.2826824924e+01    2.8163529501e+00    1.6588300000e+05    1.8786265254e+00    9.9466504581e-01
        53   -1.9931962835e+01    3.9764238229e+02   -3.4629648958e+01    1.4697686123e+01    2.3212071020e+01    1.2053075198e+01   -7.2627836897e+01    2.7330417205e+00    1.6587700000e+05    1.8647272587e+00    9.9523719158e-01
        54   -1.9930287240e+01    3.9756480329e+02   -3.4568554782e+01    1.4638267542e+01    2.3208460078e+01    1.2053075198e+01   -7.2647443429e+01    2.8173533696e+00    1.6580000000e+05    1.8714954853e+00    9.9533811042e-01
        55   -1.9927024079e+01    3.9746555138e+02   -3.4655220014e+01    1.4728195935e+01    2.3187520091e+01    1.2053075198e+01   -7.2698778747e+01    2.8029634446e+00    1.6552700000e+05    1.8656767607e+00    9.9510697771e-01
        56   -1.9921859152e+01    3.9728368538e+02   -3.4619279161e+01    1.4697420009e+01    2.3201119918e+01    1.2053075198e+01   -7.2669602319e+01    2.7961280416e+00    1.6523000000e+05    1.8568899632e+00    9.9520725635e-01
        57   -1.9927013339e+01    3.9742698696e+02   -3.4626158126e+01    1.4699144787e+01    2.3171669508e+01    1.2053075198e+01   -7.2628137385e+01    2.7772345536e+00    1.6512500000e+05    1.8478224874e+00    9.9522164840e-01
        58   -1.9929798174e+01    3.9753434310e+02   -3.4657748468e+01    1.4727950294e+01    2.3140036149e+01    1.2053075198e+01   -7.2650817785e+01    2.7999579687e+00    1.6538900000e+05    1.8340270519e+00    9.9515653565e-01
        59   -1.9932074385e+01    3.9762209013e+02   -3.4649488311e+01    1.4717413926e+01    2.3121485301e+01    1.2053075198e+01   -7.2564168330e+01    2.7401195188e+00    1.6532800000e+05    1.8312049508e+00    9.9536092055e-01
        60   -1.9937258165e+01    3.9789129569e+02   -3.4521515213e+01    1.4584257048e+01    2.3105163815e+01    1.2053075198e+01   -7.2433071715e+01    2.7533174883e+00    1.6530500000e+05    1.8236331940e+00    9.9532361582e-01
        61   -1.9927958361e+01    3.9745187422e+02   -3.4470939599e+01    1.4542981238e+01    2.3085889440e+01    1.2053075198e+01   -7.2331939034e+01    2.7220347964e+00    1.6524400000e+05    1.8248202801e+00    9.9561323265e-01
        62   -1.9927003979e+01    3.9740835093e+02   -3.4451057050e+01    1.4524053071e+01    2.3105332494e+01    1.2053075198e+01   -7.2411559141e+01    2.8020943990e+00    1.6485500000e+05    1.8174320459e+00    9.9571747381e-01
        63   -1.9930259904e+01    3.9755648632e+02   -3.4436010990e+01    1.4505751087e+01    2.3084410163e+01    1.2053075198e+01   -7.2420171843e+01    2.8466754917e+00    1.6469500000e+05    1.8241607547e+00    9.9539188780e-01
        64   -1.9924646414e+01    3.9732093594e+02   -3.4469034728e+01    1.4544388314e+01    2.3063827435e+01    1.2053075198e+01   -7.2390086414e+01    2.8041490522e+00    1.6430500000e+05    1.8185400367e+00    9.9533256179e-01
        65   -1.9925364688e+01    3.9737251067e+02   -3.4475607719e+01    1.4550243031e+01    2.3044081635e+01    1.2053075198e+01   -7.2330093346e+01    2.7573287933e+00    1.6417000000e+05    1.8116642237e+00    9.9534023858e-01
        66   -1.9926370506e+01    3.9738870811e+02   -3.4513036643e+01    1.4586666137e+01    2.3046369079e+01    1.2053075198e+01   -7.2368951774e+01    2.7564708549e+00    1.6390100000e+05    1.8107329607e+00    9.9503407699e-01
        67   -1.9929459043e+01    3.9752922884e+02   -3.4467800217e+01    1.4538341174e+01    2.3051564169e+01    1.2053075198e+01   -7.2391220586e+01    2.8187810018e+00    1.6396100000e+05    1.8158122301e+00    9.9493747635e-01
        68   -1.9929292826e+01    3.9754346807e+02   -3.4466400025e+01    1.4537107198e+01    2.3046978197e+01    1.2053075198e+01   -7.2349050951e+01    2.7825975311e+00    1.6399700000e+05    1.8187432289e+00    9.9482307769e-01
        69   -1.9936530859e+01    3.9782542308e+02   -3.4460209122e+01    1.4523678263e+01    2.3037606206e+01    1.2053075198e+01   -7.2360392736e+01    2.8095022095e+00    1.6400900000e+05    1.8095935583e+00    9.9504294944e-01
        70   -1.9930418537e+01    3.9754707773e+02   -3.4452583772e+01    1.4522165235e+01    2.3029570223e+01    1.2053075198e+01   -7.2325562321e+01    2.7903331269e+00    1.6419400000e+05    1.8083902597e+00    9.9523677233e-01
        71   -1.9920018772e+01    3.9717516589e+02   -3.4464443471e+01    1.4544424699e+01    2.3024100588e+01    1.2053075198e+01   -7.2309420081e+01    2.7678008229e+00    1.6412500000e+05    1.8143884540e+00    9.9519311271e-01
        72   -1.9928272547e+01    3.9748277388e+02   -3.4534418872e+01    1.4606146325e+01    2.3006649401e+01    1.2053075198e+01   -7.2333875339e+01    2.7397318679e+00    1.6406500000e+05    1.8084059954e+00    9.9500226734e-01
        73   -1.9929786227e+01    3.9755521333e+02   -3.4523711890e+01    1.4593925663e+01    2.2986317504e+01    1.2053075198e+01   -7.2308100041e+01    2.7449954489e+00    1.6379200000e+05    1.8133052588e+00    9.9518323028e-01
        74   -1.9930051096e+01    3.9754517133e+02   -3.4424083130e+01    1.4494032034e+01    2.2985607079e+01    1.2053075198e+01   -7.2273089924e+01    2.8103245169e+00    1.6373000000e+05    1.8105440140e+00    9.9527291805e-01
        75   -1.9927411377e+01    3.9744582810e+02   -3.4331298374e+01    1.4403886997e+01    2.2984480132e+01    1.2053075198e+01   -7.2163396981e+01    2.7945432764e+00    1.6340600000e+05    1.8102649450e+00    9.9480489695e-01
        76   -1.9926688282e+01    3.9741178425e+02   -3.4320733324e+01    1.4394045042e+01    2.2959093634e+01    1.2053075198e+01   -7.2066528144e+01    2.7336259874e+00    1.6340500000e+05    1.8055264950e+00    9.9509752075e-01
        77   -1.9929681898e+01    3.9755303292e+02   -3.4369077038e+01    1.4439395140e+01    2.2940610207e+01    1.2053075198e+01   -7.2180358577e+01    2.8175961343e+00    1.6372400000e+05    1.7990382314e+00    9.9515619339e-01
        78   -1.9933038757e+01    3.9766726497e+02   -3.4461339610e+01    1.4528300852e+01    2.2937780001e+01    1.2053075198e+01   -7.2227458824e+01    2.7752640143e+00    1.6393500000e+05    1.7990404963e+00    9.9467440466e-01
        79   -1.9936707319e+01    3.9783604663e+02   -3.4466259369e+01    1.4529552050e+01    2.2931554578e+01    1.2053075198e+01   -7.2199320561e+01    2.7484314162e+00    1.6428500000e+05    1.7993225455e+00    9.9489241719e-01
        80   -1.9941288452e+01    3.9802688391e+02   -3.4456829383e+01    1.4515540931e+01    2.2924011370e+01    1.2053075198e+01   -7.2168888610e+01    2.7349726592e+00    1.6450800000e+05    1.8018321991e+00    9.9485089434e-01
        81   -1.9943061282e+01    3.9808573119e+02   -3.4449484007e+01    1.4506422725e+01    2.2938580651e+01    1.2053075198e+01   -7.2150768333e+01    2.7096284769e+00    1.6426600000e+05    1.8044155836e+00    9.9530719184e-01
        82   -1.9941715299e+01    3.9802754897e+02   -3.4428884693e+01    1.4487169394e+01    2.2918504458e+01    1.2053075198e+01   -7.2041198295e+01    2.6407339447e+00    1.6406100000e+05    1.8005092740e+00    9.9503846213e-01
        83   -1.9938383615e+01    3.9791336031e+02   -3.4457317955e+01    1.4518934340e+01    2.2922449512e+01    1.2053075198e+01   -7.2061069868e+01    2.6282272033e+00    1.6446300000e+05    1.8652574420e+00    9.9527461180e-01
        84   -1.9935229639e+01    3.9778143750e+02   -3.4484902408e+01    1.4549672768e+01    2.2915573068e+01    1.2053075198e+01   -7.2113277536e+01    2.6597268616e+00    1.6482500000e+05    1.8197402358e+00    9.9492743801e-01
        85   -1.9933258077e+01    3.9769410162e+02   -3.4407612753e+01    1.4474354676e+01    2.2911513057e+01    1.2053075198e+01   -7.2023103824e+01    2.6509028161e+00    1.6498800000e+05    1.8227572441e+00    9.9514515104e-01
        86   -1.9939793511e+01    3.9795610444e+02   -3.4390282136e+01    1.4450488625e+01    2.2884588223e+01    1.2053075198e+01   -7.1971640805e+01    2.6436952481e+00    1.6546300000e+05    1.8189489841e+00    9.9540616754e-01
        87   -1.9935047751e+01    3.9775718530e+02   -3.4312929464e+01    1.4377881713e+01    2.2873966101e+01    1.2053075198e+01   -7.1933162555e+01    2.6931917919e+00    1.6538800000e+05    1.8217554688e+00    9.9509043193e-01
        88   -1.9935512849e+01    3.9787915849e+02   -3.4358720633e+01    1.4423207784e+01    2.2882902368e+01    1.2053075198e+01   -7.2008585537e+01    2.7138873381e+00    1.6542800000e+05    1.8142167330e+00    9.9512782507e-01
        89   -1.9930512407e+01    3.9756876584e+02   -3.4324013245e+01    1.4393500839e+01    2.2892701673e+01    1.2053075198e+01   -7.1982232317e+01    2.7124422006e+00    1.6539100000e+05    1.8210247755e+00    9.9495115315e-01
        90   -1.9929456053e+01    3.9750844275e+02   -3.4362371096e+01    1.4432915044e+01    2.2873152711e+01    1.2053075198e+01   -7.2006036322e+01    2.7174373166e+00    1.6526600000e+05    1.8143411875e+00    9.9481498562e-01
        91   -1.9936074248e+01    3.9780539171e+02   -3.4362958741e+01    1.4426884494e+01    2.2863967153e+01    1.2053075198e+01   -7.1983977453e+01    2.7039763599e+00    1.6494900000e+05    1.8149238229e+00    9.9507140716e-01
        92   -1.9934718995e+01    3.9773176550e+02   -3.4344998926e+01    1.4410279930e+01    2.2872495162e+01    1.2053075198e+01   -7.1988313113e+01    2.7177438275e+00    1.6486000000e+05    1.8071741462e+00    9.9509903721e-01
        93   -1.9926993451e+01    3.9741206734e+02   -3.4291370068e+01    1.4364376617e+01    2.2877698819e+01    1.2053075198e+01   -7.1916125003e+01    2.6939809179e+00    1.6471000000e+05    1.8014437556e+00    9.9521599655e-01
        94   -1.9932949060e+01    3.9764097550e+02   -3.4276618222e+01    1.4343669162e+01    2.2876981744e+01    1.2053075198e+01   -7.1895080502e+01    2.6884053380e+00    1.6489400000e+05    1.8054912090e+00    9.9523925187e-01
        95   -1.9933092947e+01    3.9764529443e+02   -3.4322143035e+01    1.4389050087e+01    2.2872698251e+01    1.2053075198e+01   -7.1952538926e+01    2.7046224416e+00    1.6467400000e+05    1.8046479821e+00    9.9507522490e-01
        96   -1.9931697641e+01    3.9762221135e+02   -3.4272835021e+01    1.4341137380e+01    2.2877120770e+01    1.2053075198e+01   -7.1920553457e+01    2.7175224681e+00    1.6478800000e+05    1.8034439087e+00    9.9538813939e-01
        97   -1.9934417870e+01    3.9770516238e+02   -3.4281188293e+01    1.4346770423e+01    2.2870008919e+01    1.2053075198e+01   -7.1908659446e+01    2.7043870357e+00    1.6470800000e+05    1.8270622492e+00    9.9551945941e-01
        98   -1.9934546000e+01    3.9771107200e+02   -3.4252468139e+01    1.4317922140e+01    2.2855784991e+01    1.2053075198e+01   -7.1905502214e+01    2.7441738856e+00    1.6448300000e+05    1.7968402505e+00    9.9511241065e-01
        99   -1.9934572690e+01    3.9776309941e+02   -3.4265092241e+01    1.4330519551e+01    2.2852771836e+01    1.2053075198e+01   -7.1887797341e+01    2.7168580659e+00    1.6431700000e+05    1.8014400005e+00    9.9528987705e-01
       100   -1.9935800625e+01    3.9777456253e+02   -3.4266232587e+01    1.4330431962e+01    2.2861751149e+01    1.2053075198e+01   -7.1894241941e+01    2.7131830068e+00    1.6417700000e+05    1.8043159842e+00    9.9538901051e-01
       101   -1.9931224267e+01    3.9758601997e+02   -3.4243814746e+01    1.4312590479e+01    2.2851081731e+01    1.2053075198e+01   -7.1899402605e+01    2.7514309287e+00    1.6426500000e+05    1.7931975722e+00    9.9536111552e-01
       102   -1.9933303530e+01    3.9766002798e+02   -3.4286435699e+01    1.4353132169e+01    2.2849062262e+01    1.2053075198e+01   -7.1925989510e+01    2.7374163497e+00    1.6448500000e+05    1.7939597368e+00    9.9523922285e-01
       103   -1.9929249355e+01    3.9750965945e+02   -3.4317824916e+01    1.4388575561e+01    2.2852159565e+01    1.2053075198e+01   -7.1952719688e+01    2.7296600091e+00    1.6448600000e+05    1.8009575009e+00    9.9522792025e-01
       104   -1.9925244415e+01    3.9735840279e+02   -3.4291911592e+01    1.4366667177e+01    2.2843937162e+01    1.2053075198e+01   -7.1953790743e+01    2.7648667906e+00    1.6430100000e+05    1.8001264930e+00    9.9531375258e-01
       105   -1.9928476680e+01    3.9749030053e+02   -3.4271216302e+01    1.4342739622e+01    2.2860304606e+01    1.2053075198e+01   -7.1932992079e+01    2.7483959720e+00    1.6382000000e+05    1.7951547503e+00    9.9531872874e-01
       106   -1.9932230415e+01    3.9762229905e+02   -3.4224460461e+01    1.4292230047e+01    2.2848387880e+01    1.2053075198e+01   -7.1868279148e+01    2.7423556092e+00    1.6363100000e+05    1.7941653728e+00    9.9516587901e-01
       107   -1.9931842851e+01    3.9762533267e+02   -3.4260135609e+01    1.4328292758e+01    2.2839187765e+01    1.2053075198e+01   -7.1837235633e+01    2.6848370602e+00    1.6380900000e+05    1.7907114625e+00    9.9540283904e-01
       108   -1.9932693325e+01    3.9764921309e+02   -3.4290828010e+01    1.4358134685e+01    2.2860151926e+01    1.2053075198e+01   -7.1891042970e+01    2.6869878353e+00    1.6391400000e+05    1.7938032746e+00    9.9521709417e-01
       109   -1.9931852408e+01    3.9761807570e+02   -3.4322012184e+01    1.4390159776e+01    2.2873166450e+01    1.2053075198e+01   -7.2020574577e+01    2.7723207447e+00    1.6370800000e+05    1.7984164953e+00    9.9525412688e-01
       110   -1.9936400639e+01    3.9781164156e+02   -3.4374106651e+01    1.4437706012e+01    2.2885456918e+01    1.2053075198e+01   -7.2143014901e+01    2.8303761343e+00    1.6385000000e+05    1.7948616743e+00    9.9474474894e-01
       111   -1.9932787484e+01    3.9766231873e+02   -3.4328847817e+01    1.4396060333e+01    2.2885495635e+01    1.2053075198e+01   -7.2080973519e+01    2.8135548686e+00    1.6387800000e+05    1.7990760207e+00    9.9527096214e-01
       112   -1.9920410317e+01    3.9715751230e+02   -3.4290756563e+01    1.4370346246e+01    2.2881902146e+01    1.2053075198e+01   -7.2043325132e+01    2.8175912249e+00    1.6383100000e+05    1.7909925580e+00    9.9545883386e-01
       113   -1.9921180722e+01    3.9722744164e+02   -3.4252772398e+01    1.4331591676e+01    2.2860587489e+01    1.2053075198e+01   -7.2008874856e+01    2.8424397709e+00    1.6360900000e+05    1.7877529860e+00    9.9512892345e-01
       114   -1.9922993453e+01    3.9726926851e+02   -3.4298062469e+01    1.4375069016e+01    2.2865270655e+01    1.2053075198e+01   -7.2073806961e+01    2.8573986391e+00    1.6354200000e+05    1.7862245440e+00    9.9548108893e-01
       115   -1.9917106255e+01    3.9705560354e+02   -3.4263273584e+01    1.4346167329e+01    2.2855880529e+01    1.2053075198e+01   -7.2038833257e+01    2.8666039470e+00    1.6357200000e+05    1.7965244055e+00    9.9524978438e-01
       116   -1.9913686839e+01    3.9687926726e+02   -3.4295460553e+01    1.4381773714e+01    2.2842058209e+01    1.2053075198e+01   -7.2059329060e+01    2.8687350996e+00    1.6363500000e+05    1.7922499776e+00    9.9490331982e-01
       117   -1.9920567548e+01    3.9716994416e+02   -3.4328191284e+01    1.4407623735e+01    2.2845713858e+01    1.2053075198e+01   -7.2059979505e+01    2.8329991654e+00    1.6355600000e+05    1.7965783477e+00    9.9466856025e-01
       118   -1.9927663470e+01    3.9746149927e+02   -3.4318480589e+01    1.4390817119e+01    2.2842335760e+01    1.2053075198e+01   -7.2027248216e+01    2.8133566682e+00    1.6353900000e+05    1.8028437495e+00    9.9505292545e-01
       119   -1.9935352179e+01    3.9775976752e+02   -3.4300032989e+01    1.4364680810e+01    2.2844821244e+01    1.2053075198e+01   -7.1960918186e+01    2.7629887552e+00    1.6393700000e+05    1.8077412844e+00    9.9518061031e-01
       120   -1.9936269745e+01    3.9780775501e+02   -3.4280582451e+01    1.4344312707e+01    2.2842518060e+01    1.2053075198e+01   -7.1911841030e+01    2.7356653211e+00    1.6401800000e+05    1.8054602742e+00    9.9527500785e-01
       121   -1.9932230950e+01    3.9763771853e+02   -3.4308348930e+01    1.4376117979e+01    2.2847558323e+01    1.2053075198e+01   -7.1942224836e+01    2.7332423853e+00    1.6389500000e+05    1.8054344654e+00    9.9477095226e-01
       122   -1.9931896480e+01    3.9763946478e+02   -3.4313015656e+01    1.4381119177e+01    2.2848891877e+01    1.2053075198e+01   -7.1963307338e+01    2.7483246064e+00    1.6384300000e+05    1.7945758104e+00    9.9530672972e-01
       123   -1.9937810823e+01    3.9784365850e+02   -3.4318897640e+01    1.4381086817e+01    2.2845049755e+01    1.2053075198e+01   -7.1956894818e+01    2.7398722244e+00    1.6400000000e+05    1.8068497777e+00    9.9523734328e-01
       124   -1.9935012495e+01    3.9773756115e+02   -3.4308418306e+01    1.4373405811e+01    2.2878199899e+01    1.2053075198e+01   -7.2013785592e+01    2.7740921894e+00    1.6412700000e+05    1.8129712343e+00    9.9494930058e-01
       125   -1.9938100936e+01    3.9789484714e+02   -3.4285555339e+01    1.4347454402e+01    2.2881601263e+01    1.2053075198e+01   -7.2022345997e+01    2.8021141963e+00    1.6396500000e+05    1.8101893067e+00    9.9542578550e-01
       126   -1.9938703632e+01    3.9800358880e+02   -3.4239095051e+01    1.4300391419e+01    2.2885039832e+01    1.2053075198e+01   -7.1976483360e+01    2.7992732788e+00    1.6401500000e+05    1.8037322164e+00    9.9520775967e-01
       127   -1.9933821005e+01    3.9776195944e+02   -3.4294482673e+01    1.4360661668e+01    2.2855428368e+01    1.2053075198e+01   -7.1975820173e+01    2.7728339341e+00    1.6395600000e+05    1.8126384020e+00    9.9518163999e-01
       128   -1.9933247917e+01    3.9770254453e+02   -3.4233695168e+01    1.4300447251e+01    2.2858351601e+01    1.2053075198e+01   -7.1874058196e+01    2.7289362292e+00    1.6404200000e+05    1.8215004206e+00    9.9526954272e-01
       129   -1.9923804407e+01    3.9732172782e+02   -3.4216967530e+01    1.4293163123e+01    2.2859839275e+01    1.2053075198e+01   -7.1836664430e+01    2.7067824263e+00    1.6385000000e+05    1.8148400187e+00    9.9527018253e-01
       130   -1.9936107942e+01    3.9779850047e+02   -3.4206157645e+01    1.4270049703e+01    2.2835684811e+01    1.2053075198e+01   -7.1739704669e+01    2.6447870151e+00    1.6372100000e+05    1.8132133484e+00    9.9507719097e-01
       131   -1.9935836434e+01    3.9779390821e+02   -3.4224005586e+01    1.4288169152e+01    2.2850613092e+01    1.2053075198e+01   -7.1819165919e+01    2.6914720434e+00    1.6382200000e+05    1.8196387291e+00    9.9511642342e-01
       132   -1.9933263782e+01    3.9768359975e+02   -3.4221078145e+01    1.4287814363e+01    2.2851932301e+01    1.2053075198e+01   -7.1846007589e+01    2.7199219449e+00    1.6417300000e+05    1.8105645776e+00    9.9543704377e-01
       133   -1.9929217832e+01    3.9751700120e+02   -3.4278134566e+01    1.4348916735e+01    2.2856489972e+01    1.2053075198e+01   -7.1943319061e+01    2.7556193241e+00    1.6436800000e+05    1.8133838177e+00    9.9550407789e-01
       134   -1.9928916829e+01    3.9750052576e+02   -3.4285110155e+01    1.4356193325e+01    2.2855386042e+01    1.2053075198e+01   -7.1937460112e+01    2.7438887174e+00    1.6416700000e+05    1.8093415499e+00    9.9521867629e-01
       135   -1.9930761953e+01    3.9761194227e+02   -3.4215489367e+01    1.4284727414e+01    2.2858903933e+01    1.2053075198e+01   -7.1926487442e+01    2.7990189439e+00    1.6421200000e+05    1.8019584417e+00    9.9513380605e-01
       136   -1.9934856412e+01    3.9772880528e+02   -3.4241281525e+01    1.4306425113e+01    2.2844582787e+01    1.2053075198e+01   -7.1953702312e+01    2.8147628005e+00    1.6461900000e+05    1.8145327568e+00    9.9546205468e-01
       137   -1.9933999798e+01    3.9769119748e+02   -3.4240963622e+01    1.4306963824e+01    2.2832837947e+01    1.2053075198e+01   -7.1888892140e+01    2.7620153727e+00    1.6459200000e+05    1.8092667460e+00    9.9512113823e-01
       138   -1.9931853288e+01    3.9763520640e+02   -3.4225028460e+01    1.4293175172e+01    2.2836371793e+01    1.2053075198e+01   -7.1858735277e+01    2.7442598265e+00    1.6515400000e+05    1.8099765182e+00    9.9508879117e-01
       139   -1.9926823978e+01    3.9739294810e+02   -3.4202963008e+01    1.4276139030e+01    2.2822969149e+01    1.2053075198e+01   -7.1812200286e+01    2.7331929312e+00    1.6518000000e+05    1.8037467599e+00    9.9542916898e-01
       140   -1.9928158329e+01    3.9747028484e+02   -3.4227486618e+01    1.4299328289e+01    2.2836960234e+01    1.2053075198e+01   -7.1829723849e+01    2.7122017979e+00    1.6521900000e+05    1.8016170263e+00    9.9504881237e-01
       141   -1.9927082787e+01    3.9744289339e+02   -3.4199059786e+01    1.4271976999e+01    2.2825468335e+01    1.2053075198e+01   -7.1800032767e+01    2.7224294472e+00    1.6520500000e+05    1.8028529286e+00    9.9542404366e-01
       142   -1.9922813452e+01    3.9725121058e+02   -3.4192779793e+01    1.4269966341e+01    2.2821448984e+01    1.2053075198e+01   -7.1857212078e+01    2.7899081029e+00    1.6522400000e+05    1.8092911839e+00    9.9519425233e-01
       143   -1.9926096444e+01    3.9738920154e+02   -3.4275045910e+01    1.4348949466e+01    2.2828480266e+01    1.2053075198e+01   -7.1940314764e+01    2.7837133902e+00    1.6521000000e+05    1.8065006733e+00    9.9494583775e-01
       144   -1.9928132590e+01    3.9745671351e+02   -3.4256087395e+01    1.4327954805e+01    2.2794801100e+01    1.2053075198e+01   -7.1954023434e+01    2.8500597410e+00    1.6507200000e+05    1.8058842421e+00    9.9530569036e-01
       145   -1.9930468421e+01    3.9754625242e+02   -3.4203322603e+01    1.4272854182e+01    2.2773292440e+01    1.2053075198e+01   -7.1836922404e+01    2.8072321623e+00    1.6468600000e+05    1.8061317205e+00    9.9518517171e-01
       146   -1.9931905624e+01    3.9761967569e+02   -3.4184337722e+01    1.4252432098e+01    2.2775134056e+01    1.2053075198e+01   -7.1801888266e+01    2.7893412895e+00    1.6448000000e+05    1.7908075452e+00    9.9527032862e-01
       147   -1.9932230961e+01    3.9764120195e+02   -3.4215787702e+01    1.4283556741e+01    2.2786983400e+01    1.2053075198e+01   -7.1767493681e+01    2.7116473813e+00    1.6449500000e+05    1.8013344407e+00    9.9542805913e-01
       148   -1.9930524708e+01    3.9757354989e+02   -3.4221937178e+01    1.4291412471e+01    2.2763733571e+01    1.2053075198e+01   -7.1759481326e+01    2.7207353779e+00    1.6463700000e+05    1.7976233959e+00    9.9487978401e-01
       149   -1.9926440164e+01    3.9739514857e+02   -3.4246115093e+01    1.4319674928e+01    2.2755495478e+01    1.2053075198e+01   -7.1789703988e+01    2.7350182185e+00    1.6455600000e+05    1.8003345132e+00    9.9507745884e-01
       150   -1.9925013894e+01    3.9734820657e+02   -3.4211433259e+01    1.4286419365e+01    2.2773764705e+01    1.2053075198e+01   -7.1786478351e+01    2.7482051884e+00    1.6460700000e+05    1.8187467456e+00    9.9535865677e-01
       151   -1.9930671864e+01    3.9757639053e+02   -3.4194902739e+01    1.4264230876e+01    2.2769629522e+01    1.2053075198e+01   -7.1696391960e+01    2.6787845004e+00    1.6473400000e+05    1.8740822673e+00    9.9508858884e-01
       152   -1.9929379378e+01    3.9752526962e+02   -3.4227822030e+01    1.4298442652e+01    2.2796404232e+01    1.2053075198e+01   -7.1814563025e+01    2.7372615648e+00    1.6486600000e+05    1.8064389825e+00    9.9525076743e-01
       153   -1.9926387461e+01    3.9740516953e+02   -3.4236133386e+01    1.4309745925e+01    2.2811112406e+01    1.2053075198e+01   -7.1891071310e+01    2.7907503193e+00    1.6453100000e+05    1.8012315035e+00    9.9502292235e-01
       154   -1.9929656153e+01    3.9754352496e+02   -3.4228849494e+01    1.4299193340e+01    2.2817440863e+01    1.2053075198e+01   -7.1886250497e+01    2.7868849418e+00    1.6426800000e+05    1.7987796664e+00    9.9484996264e-01
       155   -1.9935393479e+01    3.9777424579e+02   -3.4289807511e+01    1.4354414032e+01    2.2795686358e+01    1.2053075198e+01   -7.1831404923e+01    2.6928358558e+00    1.6441000000e+05    1.7983478308e+00    9.9528594864e-01
       156   -1.9936939110e+01    3.9782612575e+02   -3.4304221214e+01    1.4367282104e+01    2.2785349248e+01    1.2053075198e+01   -7.1869436262e+01    2.7267906014e+00    1.6453000000e+05    1.7990634441e+00    9.9527735634e-01
       157   -1.9936462543e+01    3.9782203055e+02   -3.4253422476e+01    1.4316959933e+01    2.2802033041e+01    1.2053075198e+01   -7.1866664069e+01    2.7581333535e+00    1.6451300000e+05    1.8061464429e+00    9.9485181673e-01
       158   -1.9939505535e+01    3.9792715435e+02   -3.4315004742e+01    1.4375499208e+01    2.2793853445e+01    1.2053075198e+01   -7.1839476871e+01    2.6775434855e+00    1.6453900000e+05    1.8119625449e+00    9.9508272036e-01
       159   -1.9936144956e+01    3.9777753691e+02   -3.4319124023e+01    1.4382979067e+01    2.2796463810e+01    1.2053075198e+01   -7.1865660621e+01    2.6969975895e+00    1.6475200000e+05    1.8095775247e+00    9.9544746368e-01
       160   -1.9941418867e+01    3.9800162951e+02   -3.4220864039e+01    1.4279445172e+01    2.2791902206e+01    1.2053075198e+01   -7.1834219765e+01    2.7683783213e+00    1.6469600000e+05    1.8088210225e+00    9.9517920430e-01
       161   -1.9939727060e+01    3.9800833292e+02   -3.4218159904e+01    1.4278432844e+01    2.2788940786e+01    1.2053075198e+01   -7.1827375124e+01    2.7671992349e+00    1.6467000000e+05    1.8092477322e+00    9.9520255081e-01
       162   -1.9939628468e+01    3.9792969059e+02   -3.4226972917e+01    1.4287344450e+01    2.2795260383e+01    1.2053075198e+01   -7.1858441721e+01    2.7831332231e+00    1.6464500000e+05    1.8121727705e+00    9.9519598587e-01
       163   -1.9939082367e+01    3.9790829135e+02   -3.4272009523e+01    1.4332927156e+01    2.2795688120e+01    1.2053075198e+01   -7.1878339013e+01    2.7575661717e+00    1.6420900000e+05    1.8051397800e+00    9.9528087308e-01
       164   -1.9940291373e+01    3.9821607373e+02   -3.4349760696e+01    1.4409469323e+01    2.2803163597e+01    1.2053075198e+01   -7.1948101401e+01    2.7421019094e+00    1.6409900000e+05    1.8079645038e+00    9.9533233609e-01
       165   -1.9940833272e+01    3.9799142224e+02   -3.4276778927e+01    1.4335945655e+01    2.2804429427e+01    1.2053075198e+01   -7.1884646052e+01    2.7503624993e+00    1.6407000000e+05    1.8013829589e+00    9.9479475850e-01
       166   -1.9936103386e+01    3.9779917847e+02   -3.4223873661e+01    1.4287770276e+01    2.2822375045e+01    1.2053075198e+01   -7.1845984724e+01    2.7466608185e+00    1.6408200000e+05    1.7997277379e+00    9.9517315903e-01
       167   -1.9930920270e+01    3.9757460832e+02   -3.4212140372e+01    1.4281220102e+01    2.2813038039e+01    1.2053075198e+01   -7.1785018839e+01    2.7067652289e+00    1.6423800000e+05    1.7986555099e+00    9.9517740471e-01
       168   -1.9928488970e+01    3.9749459505e+02   -3.4225997738e+01    1.4297508768e+01    2.2811785109e+01    1.2053075198e+01   -7.1799850502e+01    2.7089924565e+00    1.6435200000e+05    1.8237705231e+00    9.9507148570e-01
       169   -1.9927469792e+01    3.9745994742e+02   -3.4241897398e+01    1.4314427606e+01    2.2800844044e+01    1.2053075198e+01   -7.1846479748e+01    2.7506631071e+00    1.6407000000e+05    1.8053605556e+00    9.9531975465e-01
       170   -1.9926119673e+01    3.9737754159e+02   -3.4221860946e+01    1.4295741274e+01    2.2790551824e+01    1.2053075198e+01   -7.1789615356e+01    2.7241273870e+00    1.6401600000e+05    1.8026108146e+00    9.9532945964e-01
       171   -1.9931991738e+01    3.9761687480e+02   -3.4201468929e+01    1.4269477191e+01    2.2807868993e+01    1.2053075198e+01   -7.1820822886e+01    2.7584097657e+00    1.6398800000e+05    1.7999050021e+00    9.9541446448e-01
       172   -1.9934145540e+01    3.9769461136e+02   -3.4230319787e+01    1.4296174246e+01    2.2809106696e+01    1.2053075198e+01   -7.1874245067e+01    2.7817433863e+00    1.6384600000e+05    1.8002330661e+00    9.9533747811e-01
       173   -1.9927612015e+01    3.9744648733e+02   -3.4247664526e+01    1.4320052511e+01    2.2787450825e+01    1.2053075198e+01   -7.1823717657e+01    2.7355271086e+00    1.6373000000e+05    1.8003393412e+00    9.9528477534e-01
       174   -1.9929995724e+01    3.9754055753e+02   -3.4258650989e+01    1.4328655265e+01    2.2799210083e+01    1.2053075198e+01   -7.1887813044e+01    2.7768767744e+00    1.6379800000e+05    1.8046521544e+00    9.9509783923e-01
       175   -1.9928278797e+01    3.9745522353e+02   -3.4232675879e+01    1.4304397082e+01    2.2813150590e+01    1.2053075198e+01   -7.1847577876e+01    2.7486762086e+00    1.6380500000e+05    1.8068677783e+00    9.9534141832e-01
       176   -1.9931580237e+01    3.9759479621e+02   -3.4272399644e+01    1.4340819407e+01    2.2814949377e+01    1.2053075198e+01   -7.1873068032e+01    2.7326438126e+00    1.6411200000e+05    1.8269810677e+00    9.9470465695e-01
       177   -1.9934989771e+01    3.9777755185e+02   -3.4318581235e+01    1.4383591464e+01    2.2832277027e+01    1.2053075198e+01   -7.1907884355e+01    2.7039508939e+00    1.6408200000e+05    1.8277342319e+00    9.9531350714e-01
       178   -1.9933449475e+01    3.9767550520e+02   -3.4321886443e+01    1.4388436968e+01    2.2820479504e+01    1.2053075198e+01   -7.1883482985e+01    2.6880418396e+00    1.6403500000e+05    1.8346002102e+00    9.9511069887e-01
       179   -1.9933736297e+01    3.9770056771e+02   -3.4260380977e+01    1.4326644681e+01    2.2836303662e+01    1.2053075198e+01   -7.1889989717e+01    2.7402298801e+00    1.6446800000e+05    1.8369542360e+00    9.9532932171e-01
       180   -1.9945455575e+01    3.9819700129e+02   -3.4264725923e+01    1.4319270348e+01    2.2813235230e+01    1.2053075198e+01   -7.1846397775e+01    2.7153614241e+00    1.6470000000e+05    1.8373544812e+00    9.9515508840e-01
       181   -1.9944157006e+01    3.9813418862e+02   -3.4275141508e+01    1.4330984502e+01    2.2810488350e+01    1.2053075198e+01   -7.1881161605e+01    2.7424565488e+00    1.6451500000e+05    1.8374852538e+00    9.9545374948e-01
       182   -1.9944962688e+01    3.9815380941e+02   -3.4267260556e+01    1.4322297869e+01    2.2785243345e+01    1.2053075198e+01   -7.1848100714e+01    2.7425216147e+00    1.6455400000e+05    1.8303774595e+00    9.9531424941e-01
       183   -1.9942710325e+01    3.9806253967e+02   -3.4272618678e+01    1.4329908353e+01    2.2806168645e+01    1.2053075198e+01   -7.1823640276e+01    2.6917777546e+00    1.6449700000e+05    1.8134427071e+00    9.9545933539e-01
       184   -1.9939771569e+01    3.9795506780e+02   -3.4248563273e+01    1.4308791704e+01    2.2808867784e+01    1.2053075198e+01   -7.1831583252e+01    2.7210769965e+00    1.6446500000e+05    1.8093295097e+00    9.9509900667e-01
       185   -1.9935422104e+01    3.9774674681e+02   -3.4225361576e+01    1.4289939471e+01    2.2819302692e+01    1.2053075198e+01   -7.1869550582e+01    2.7718111163e+00    1.6465400000e+05    1.8139902949e+00    9.9480696572e-01
       186   -1.9935352461e+01    3.9772975242e+02   -3.4281221715e+01    1.4345869254e+01    2.2818373536e+01    1.2053075198e+01   -7.1891227650e+01    2.7385572012e+00    1.6455100000e+05    1.8088765144e+00    9.9542409164e-01
       187   -1.9937085522e+01    3.9783532440e+02   -3.4278754312e+01    1.4341668789e+01    2.2818678905e+01    1.2053075198e+01   -7.1934289713e+01    2.7837812976e+00    1.6468600000e+05    1.8061643243e+00    9.9529989233e-01
       188   -1.9937553704e+01    3.9786791103e+02   -3.4248139607e+01    1.4310585903e+01    2.2784487382e+01    1.2053075198e+01   -7.1848085436e+01    2.7623832485e+00    1.6480100000e+05    1.8042992353e+00    9.9536387595e-01
       189   -1.9937124295e+01    3.9783765633e+02   -3.4239459113e+01    1.4302334818e+01    2.2757994611e+01    1.2053075198e+01   -7.1762752698e+01    2.7122237754e+00    1.6470500000e+05    1.8015487790e+00    9.9542864361e-01
       190   -1.9938581718e+01    3.9788950876e+02   -3.4200895661e+01    1.4262313943e+01    2.2768622660e+01    1.2053075198e+01   -7.1749617209e+01    2.7270236897e+00    1.6464300000e+05    1.8094819784e+00    9.9539576160e-01
       191   -1.9943002584e+01    3.9811585611e+02   -3.4203539746e+01    1.4260537162e+01    2.2780120976e+01    1.2053075198e+01   -7.1720536241e+01    2.6838003212e+00    1.6494600000e+05    1.8185940385e+00    9.9515576474e-01
       192   -1.9938055929e+01    3.9789759059e+02   -3.4226736000e+01    1.4288680072e+01    2.2773631372e+01    1.2053075198e+01   -7.1684701120e+01    2.6312585489e+00    1.6509100000e+05    1.8261222243e+00    9.9523287048e-01
       193   -1.9928926888e+01    3.9748987302e+02   -3.4116877305e+01    1.4187950417e+01    2.2778076003e+01    1.2053075198e+01   -7.1676782602e+01    2.7287540955e+00    1.6502700000e+05    1.8283249736e+00    9.9530382064e-01
       194   -1.9930974939e+01    3.9759113954e+02   -3.4152624159e+01    1.4221649220e+01    2.2771779991e+01    1.2053075198e+01   -7.1639865508e+01    2.6623861590e+00    1.6517300000e+05    1.8155604005e+00    9.9516247439e-01
       195   -1.9936043683e+01    3.9783230907e+02   -3.4185713021e+01    1.4249669338e+01    2.2771128232e+01    1.2053075198e+01   -7.1648320336e+01    2.6384038845e+00    1.6541400000e+05    1.8194265962e+00    9.9519931399e-01
       196   -1.9935462207e+01    3.9778210908e+02   -3.4211029048e+01    1.4275566840e+01    2.2782219054e+01    1.2053075198e+01   -7.1769733728e+01    2.7234104281e+00    1.6551500000e+05    1.8240102530e+00    9.9503375694e-01
       197   -1.9928093153e+01    3.9746129908e+02   -3.4187090961e+01    1.4258997808e+01    2.2771346120e+01    1.2053075198e+01   -7.1765806255e+01    2.7542939758e+00    1.6530600000e+05    1.8242635727e+00    9.9530626654e-01
       198   -1.9933026911e+01    3.9765487715e+02   -3.4156822217e+01    1.4223795307e+01    2.2773022830e+01    1.2053075198e+01   -7.1755175970e+01    2.7722557241e+00    1.6501300000e+05    1.8297618032e+00    9.9541901023e-01
       199   -1.9935333031e+01    3.9775028348e+02   -3.4207772077e+01    1.4272439046e+01    2.2771813123e+01    1.2053075198e+01   -7.1779536127e+01    2.7468757293e+00    1.6481900000e+05    1.8197854757e+00    9.9534026361e-01
